2147458290
2147443379
2147352342
2147058635
2146810749
2146502522
2146062213
2145638446
2145079404
2144978749
2144938480
2144707086
2144687421
2144321335
2144305891
2143216287
2142603362
2142181636
2141625953
2141052447
2140639991
2140199118
2140056905
2139868853
2139862610
2139538255
2139082770
2138912439
2137693875
2137625788
2137550617
2136821112
2136537263
2136331784
2136036670
2135997964
2135992376
2135678202
2135107075
2134686021
2133087598
2132403173
2130601055
2129853981
2129670463
2129285061
2129175054
2128921520
2128861709
2128553361
2128180866
2127921975
2126893623
2126416183
2126387170
2126220799
2125967197
2125899830
2124658732
2124048196
2123084323
2122554514
2122234709
2121580126
2121461187
2120685446
2120181883
2119844088
2118913684
2118605242
2118347067
2117451796
2116975787
2116879818
2116333823
2116103999
2115704493
2115284501
2115161471
2115141684
2115093206
2114977561
2114572597
2114000186
2112785333
2111023196
2110430098
2110315462
2109309777
2108162151
2108063370
2107886015
2107102419
2106668061
2106193269
2105472203
2105406806
2105365575
2104824026
2104337497
2103494021
2103433488
2103373927
2103166891
2102147442
2101657686
2100275749
2100124164
2099572095
2099165059
2097792790
2097191309
2096897093
2096303459
2095685158
2095429732
2095292492
2094737895
2094178913
2093495248
2092840468
2092626648
2092444559
2091658039
2090876032
2090025499
2088879306
2088769855
2087416401
2086345206
2084358206
2084090763
2083630786
2083399483
2083257900
2083007302
2082549312
2082056326
2081782256
2080901781
2080861540
2080205213
2080055038
2079896418
2079048503
2078708467
2078598547
2078358822
2077858398
2077647443
2076477335
2075455330
2073960392
2073527883
2073042078
2072343333
2072319902
2072313705
2071852203
2071172946
2071116277
2071055929
2070411497
2070370382
2069230993
2069141818
2068990087
2068606841
2067582110
2067483047
2067407504
2067227750
2066293302
2066018048
2065894811
2065758959
2065381927
2065340222
2064810901
2063504706
2063248118
2059512292
2059255975
2059110405
2059001373
2058887165
2057127718
2057014729
2056797710
2056616729
2056507304
2056311445
2055607034
2055362398
2054635712
2054495992
2054492519
2054132865
2052929427
2051997256
2051959867
2051915317
2051691048
2051398761
2051225944
2051082443
2050767961
2050503685
2050294059
2050013985
2048455345
2046445161
2046404365
2046288885
2045637664
2045548060
2045418749
2045282838
2045033802
2045033340
2044274719
2044182616
2044167123
2043964679
2043524944
2043478734
2042828677
2042815246
2041511913
2041491976
2041447909
2041077486
2039947501
2039094268
2039010662
2038897389
2038211398
2037908115
2037894269
2037833643
2037324564
2036639786
2036152920
2035907614
2035837753
2034432068
2034236584
2033999774
2033808910
2033751208
2033716107
2033585299
2033339981
2033047837
2032431657
2032280069
2032176677
2032095621
2030723754
2030633908
2030149762
2029871303
2029755321
2028963585
2028405233
2028307860
2027746616
2027677789
2027552631
2026902161
2026670804
2026521486
2026363147
2026113974
2025728049
2025475684
2025141296
2025091318
2024943372
2024848514
2024823502
2024799622
2023375829
2023314360
2022259936
2021372615
2020780127
2020320927
2020170413
2019466529
2018488736
2017699899
2017244580
2016108784
2014748133
2014527819
2014364313
2014307626
2014208206
2014155860
2014103825
2012429467
2011599204
2011129844
2010917535
2010682891
2010592377
2010402547
2010167400
2010074558
2009356444
2008699352
2008125121
2006744785
2006718348
2005873612
2005079767
2004462399
2004199433
2004152341
2004111912
2004088001
2003919319
2003868777
2002986432
2002457661
2002150470
1999598888
1999540282
1999083534
1998913414
1998812291
1997897151
1997519580
1997374521
1997097249
1996256287
1996022467
1996017763
1995837040
1995569424
1995423515
1994998502
1994923161
1994371527
1994367706
1994013552
1993627096
1993563432
1993435104
1993059671
1992337189
1991999376
1991480720
1991190372
1991035784
1990884968
1990706011
1990603667
1990524799
1990378944
1989796686
1989684607
1989154254
1988463334
1988276052
1988156220
1988122847
1988074189
1987615622
1987332574
1986886044
1986495790
1986338713
1986311018
1985924061
1985919783
1985919520
1985900600
1985143346
1984126891
1983143742
1982806420
1982120266
1982079498
1981789523
1981598860
1981554966
1980852394
1980722102
1980708175
1980692116
1980572812
1980491606
1980325883
1979718513
1979158577
1978513556
1978251524
1978140484
1978086622
1977617362
1977595047
1977525954
1977150330
1975795682
1975559174
1974999026
1974455077
1974371186
1974018639
1973926066
1973847983
1973381828
1973236485
1972784610
1972556713
1972352721
1971810377
1971317635
1971293752
1971288824
1970509421
1970386599
1970165453
1969356324
1968914592
1968866123
1968725640
1967354384
1967210546
1967062949
1966872159
1966839280
1965515002
1964995875
1964767636
1964300833
1963905980
1962183027
1962055899
1962025444
1961614322
1961266157
1960930380
1960483989
1960479832
1960083981
1959261149
1958986106
1958385150
1957680173
1956791259
1955588837
1955416878
1954766991
1954380245
1954099404
1953965830
1953944400
1952482280
1952418303
1952242408
1951167528
1950188223
1949935296
1949585188
1949109575
1948275044
1948236808
1948052213
1947858453
1947663247
1947620872
1946250290
1945828892
1945252585
1945033915
1944848540
1944674062
1943694983
1943584137
1942517095
1942497160
1942257200
1941539841
1940863530
1940651436
1939967342
1938687795
1937993753
1937614550
1936809462
1936805110
1936192924
1935955551
1934417551
1934314310
1933642055
1933328484
1932635384
1932076818
1931969092
1931862766
1931015196
1930804698
1930573085
1930440434
1929176109
1928943959
1928941343
1928831742
1928729707
1928322985
1927515463
1927310288
1927275177
1927038351
1926820852
1926130482
1926054946
1925773136
1924294341
1923750262
1923712086
1923626066
1923578028
1923371894
1921853019
1920764503
1920624725
1920486349
1920340869
1919970698
1919796515
1919228986
1919192842
1918792462
1918600527
1918148299
1917764252
1917599354
1917531952
1917158900
1916030522
1915819616
1915452036
1914666135
1914103423
1913928113
1913056617
1912158400
1912036002
1911671994
1911160227
1911151551
1910937239
1910698449
1910632990
1909901993
1909381426
1909359687
1908612268
1908550750
1908353824
1908200110
1907882424
1907647111
1906825364
1905832279
1905800128
1905622135
1905290819
1905222782
1905220635
1905184354
1904057610
1903559756
1903080374
1902597221
1902512257
1901865639
1901482211
1901224130
1901040627
1900454381
1899187101
1898884904
1898305009
1898095000
1897754968
1897490675
1897385491
1895727503
1895721079
1895663632
1895413891
1894977120
1894635344
1894314419
1893983384
1893819820
1893800634
1893635368
1893520177
1893375310
1893156553
1893132627
1892641203
1892156752
1892095342
1891795285
1891223494
1890759085
1890011055
1889503119
1889473190
1889136192
1886688305
1886551935
1886481438
1886445720
1885912936
1885718359
1885270076
1885073926
1884508452
1884478493
1884292828
1884172360
1884142856
1884017302
1883707136
1883532474
1882469636
1881931176
1881147267
1880716215
1880344408
1879339992
1879169397
1878184865
1877649690
1877596711
1876422074
1876303817
1876139899
1876030658
1874516758
1874433047
1873929733
1873791737
1872446522
1870928984
1870068301
1869779160
1869452120
1869206499
1869198111
1869166407
1869027291
1868451163
1868185055
1867201652
1867082208
1867001390
1866727937
1866567254
1866312787
1865359706
1865019081
1864949371
1864558830
1863703702
1862693625
1862272524
1861598808
1861438711
1861364787
1861232093
1860646362
1860303112
1860294273
1859775388
1859641954
1859482039
1859393587
1859191848
1858851216
1858680840
1858633848
1858471110
1858099743
1856826339
1854932468
1854870387
1854317376
1854209222
1853677820
1853633962
1851652100
1851371059
1850550750
1850318818
1850311835
1850097004
1849598763
1848876062
1848081454
1848056706
1847461745
1847239278
1847235418
1847144463
1847013895
1846873530
1846854379
1846475099
1846062508
1845333287
1844164993
1843089438
1842728251
1842416344
1841919327
1841187863
1840290961
1840263620
1840061994
1839845337
1839573702
1838804481
1836872636
1836866265
1836500167
1836283714
1835894722
1835744537
1835423552
1835187444
1835088956
1834909660
1834374941
1834316884
1834295046
1833831443
1833259371
1832988382
1832574364
1832126397
1832002081
1831424245
1830359012
1829623344
1829465515
1828990180
1828880666
1828466281
1827578655
1827214410
1826812191
1826241742
1825824749
1825109959
1824123336
1823603472
1821486528
1820577116
1819627447
1818537075
1816164294
1816112951
1816014868
1815927965
1815892982
1815771522
1815223520
1814871379
1814169488
1814101096
1814003330
1813975699
1813438583
1812963704
1812669795
1812320253
1812075152
1811960685
1811275854
1811220482
1811086813
1810263948
1809829461
1808618132
1808548011
1808245832
1806951531
1806795157
1804973743
1804822232
1804784856
1804286762
1804106502
1803470035
1803465114
1803339521
1802966047
1802589933
1802441419
1802243610
1801291134
1801016395
1800876291
1800424278
1800299711
1799632683
1799504299
1799388853
1799100403
1798235719
1797415645
1797374212
1796627053
1796426916
1796324493
1795465915
1795255068
1795119503
1794765476
1793200822
1793000154
1792917224
1792707998
1792439100
1791757991
1791740119
1791705117
1791027995
1790381300
1790282114
1790263302
1790059800
1789329814
1789279418
1788077288
1787778281
1787609274
1787494298
1786358543
1786291348
1786216980
1785422346
1785379768
1784978558
1784884286
1784515652
1783909742
1783707413
1783129195
1782654270
1781846446
1781272560
1781165975
1779464410
1779156729
1778086899
1777542860
1777431224
1777287328
1777182132
1777173193
1776572180
1776568098
1775662954
1775209243
1774669621
1774314846
1774274166
1774068022
1771966082
1771308866
1770422012
1770117012
1769462360
1769290837
1769081900
1768306518
1768058714
1768038940
1767401181
1767053499
1766948771
1766400774
1765451082
1765202593
1764497251
1763901987
1763072743
1763027041
1762310681
1762238593
1761837280
1761691395
1761510935
1760889066
1759540265
1759094124
1758948648
1758712700
1758482682
1756426723
1755330845
1754773488
1754656750
1754560195
1753298539
1752305017
1750705066
1750570750
1749963236
1749424042
1749339433
1749220525
1748723607
1748323393
1747916368
1747774523
1747760757
1747528224
1747477176
1747069454
1746730232
1746575361
1746221452
1746147053
1745372907
1745274609
1744805076
1744138377
1743996888
1743952351
1743748535
1743579276
1743553347
1742324497
1742244332
1742210865
1742154408
1741939456
1741883269
1741695795
1741648569
1740934795
1740864361
1740808083
1739795025
1739492960
1739346672
1739008597
1738928913
1738871333
1738640620
1738147635
1737141671
1737078819
1736941500
1736071585
1735435150
1734651750
1734068287
1733947960
1733577852
1733569091
1733029304
1732972167
1732927767
1732258575
1731931435
1731006501
1730781869
1730685377
1729871501
1729413862
1728445745
1728367858
1728120255
1728113965
1727871143
1727510985
1727392114
1727255352
1727113344
1726915684
1726871665
1726676631
1726483732
1725048082
1725017650
1723733012
1723360856
1722911373
1722549113
1722236563
1721910257
1721695902
1721450836
1720123587
1719925607
1719090034
1718827891
1718054666
1717507814
1717280697
1716966928
1716345336
1715370975
1715364743
1715197228
1715075732
1714166873
1714154062
1713878261
1713766485
1713017037
1712769206
1712649895
1712512282
1711588145
1711362241
1711338568
1711088734
1711027095
1710937588
1710670824
1710072494
1709400656
1709365119
1709225421
1709206300
1708854634
1708260568
1707824644
1707642905
1707636497
1707434113
1707280704
1707062579
1707042454
1706684775
1706557466
1706548991
1704821989
1704495994
1704077711
1703489581
1703411109
1703329153
1703186486
1701952442
1701255675
1701246172
1701236732
1701009584
1700815510
1699727778
1699516117
1698402220
1698394722
1697626560
1697251916
1697144497
1696307939
1695893817
1694667508
1693317957
1693208957
1692499076
1692387114
1690868713
1690797276
1690208006
1689229834
1688399272
1687403834
1687178985
1687019020
1686377684
1686337635
1686334387
1685894105
1683701330
1682493673
1682077317
1681484819
1681303087
1681203160
1680985476
1680562897
1680373510
1679071061
1677970566
1677872961
1677870226
1677783463
1677198389
1676849134
1676323981
1675799611
1675395134
1673732862
1673522579
1673065457
1672314603
1671900541
1671621304
1670527799
1670484795
1669631963
1669349984
1668495383
1668347439
1668216678
1668149953
1667688763
1666587437
1666432434
1666089645
1665583131
1665263267
1664743090
1664688477
1664240799
1663362006
1663314432
1663085663
1662949166
1662673955
1662196348
1662173505
1661477097
1661340541
1660943360
1660824979
1660373596
1660292977
1659632212
1658748624
1657015436
1656796464
1656375441
1655947634
1655928974
1655681468
1655034018
1654694997
1654367402
1654273914
1654066616
1653173447
1653163169
1653135271
1652824934
1651461973
1650705411
1650668543
1650162348
1650029446
1650002452
1649559598
1649359954
1649139997
1648232251
1647950526
1646885842
1646729551
1645673546
1645178837
1645144469
1644725301
1644213573
1644186354
1642643256
1642587060
1642442393
1642339081
1641806366
1641313131
1640759608
1640208642
1640056454
1638519758
1637242428
1635671659
1635550141
1635472845
1635334266
1634739748
1634735844
1633777618
1633456018
1633080749
1632788106
1632595025
1632549209
1632088557
1631121029
1631070951
1630591744
1630479354
1629630786
1628778722
1628157415
1628058580
1627680990
1627254182
1626800799
1626680521
1626637145
1626274958
1624568005
1623691018
1623525968
1623149803
1623033476
1622687615
1622629683
1622088578
1621665756
1621485651
1620223833
1620068296
1620029539
1619303947
1618916831
1618674300
1618415982
1617826302
1617395481
1616614153
1616529850
1615763986
1615663080
1615528812
1615032403
1614311409
1614237188
1614201581
1613145496
1612358838
1612349402
1611535170
1611282542
1611025741
1610875562
1610812361
1610606650
1610568024
1609826871
1609464564
1609101280
1608589462
1608460190
1608370316
1608179193
1607786518
1607727915
1606510133
1606411102
1606395947
1605739083
1604060286
1603829588
1603246326
1603137030
1603000731
1602985784
1602345402
1602282633
1602138499
1601698738
1601676864
1600873155
1600229421
1600119319
1599445459
1598370596
1598303165
1598197609
1597841469
1597841243
1597561521
1597334223
1597333026
1597004670
1595137334
1594426685
1594048610
1592984820
1592913191
1592222343
1590897732
1590879793
1590024674
1589203944
1589033816
1588681012
1588358846
1588324917
1587863285
1587823219
1587665846
1587415815
1587284628
1586362959
1586143719
1586137903
1586069660
1585903456
1585219549
1585113638
1584984459
1584854195
1584489917
1583954023
1583918404
1583761545
1582474894
1582188971
1582174963
1582161377
1582154947
1582154442
1581813413
1581189615
1580509910
1579503267
1576901576
1576723475
1576721202
1576442940
1575551276
1574505032
1574308849
1573567111
1571763954
1571639378
1571010399
1570605855
1569874273
1568824047
1568202508
1567790444
1567083386
1566380233
1566343872
1565357795
1565311064
1565161061
1565101109
1564689190
1564639953
1564263657
1564212972
1563948826
1562984657
1561282056
1561069309
1561062736
1561053360
1560873771
1560430004
1557993159
1557964564
1557145317
1557041791
1556496647
1555453204
1554967137
1554024740
1552522955
1552110534
1551277975
1551011036
1550972206
1550951336
1550454106
1549862737
1549332235
1549062508
1548362353
1548247849
1547830469
1547737695
1546967583
1546409785
1546157617
1546132259
1545419321
1545357299
1544485110
1543780335
1543007289
1542755531
1542716498
1542484502
1541882742
1541022066
1540995004
1540602617
1540594682
1540210952
1540010585
1539994473
1539566128
1539476928
1539465761
1539026340
1538926966
1538494625
1538455997
1538440715
1537873559
1537558462
1537140172
1536634368
1536351279
1535131931
1534952704
1534791934
1534727217
1534709510
1534533979
1534469939
1534037859
1533793520
1533790556
1533514352
1533431286
1532395790
1532007519
1531321727
1531215452
1531164881
1530970275
1530637244
1530551963
1530097537
1529502305
1529418372
1528738826
1528582333
1528019050
1527587398
1526642956
1526621792
1526276327
1525912503
1524708981
1524321699
1523894984
1523556510
1523300003
1523270060
1522041255
1522015094
1521519046
1520995893
1520258699
1519939830
1519753784
1519309616
1519082101
1518762393
1518193491
1518123966
1518086286
1517921109
1517456991
1515752875
1515380636
1515020873
1514702701
1514457459
1514040198
1513429598
1512541111
1512538811
1511588122
1511475221
1510535961
1509724703
1509182673
1509174136
1508814307
1508791184
1506329958
1506020948
1505497019
1505054609
1504996429
1504808705
1504224956
1504101467
1503246418
1503144973
1503017070
1502908437
1502384128
1501887024
1501527109
1501365272
1500896155
1500101093
1498456116
1498020109
1497661294
1497532545
1496765845
1496499652
1496369188
1495499662
1495392250
1495214582
1495146389
1495118063
1494760634
1492507009
1491819034
1491415699
1491382687
1491117876
1490437929
1490331881
1490149130
1490148375
1489723471
1489508329
1489128996
1489067589
1488842162
1488764524
1487643975
1487218119
1486985944
1486664348
1486402053
1486166241
1485782856
1485584616
1484929906
1484694585
1483641407
1482678979
1482665714
1482163078
1481873618
1481561156
1481498336
1480130954
1479819283
1479406145
1479347412
1479038588
1478751949
1478483722
1478168582
1477290848
1477257636
1476453859
1475318056
1474551518
1474529961
1474241244
1473295506
1471403132
1471356921
1471165791
1469087273
1468847812
1468474549
1468438472
1468163038
1467700140
1467650241
1467513188
1467375466
1467173739
1466841936
1466300769
1466033219
1465375797
1463677073
1463660807
1462110140
1461053074
1461038456
1460581904
1459325759
1458904499
1457491311
1457237124
1456937666
1456851019
1456693724
1456467155
1456120030
1455895117
1455683068
1455160094
1454676634
1454580657
1453206426
1452289655
1450571100
1450175519
1449589995
1449467437
1449232291
1448256483
1448035596
1447831954
1447736374
1446740655
1446683508
1445583219
1445182423
1444860337
1444629480
1444269980
1444135102
1444119111
1443997150
1443840622
1443764430
1442784115
1441034361
1440758627
1439818660
1439678281
1439491233
1438929555
1438609718
1438551171
1438143006
1438123002
1437661276
1436189960
1436095415
1436071484
1435497816
1434955054
1434344441
1433795274
1433607316
1433196755
1433050087
1432566619
1432405024
1432335262
1432328032
1432164350
1432027883
1430548557
1430469193
1430140238
1429962571
1428830866
1428512419
1428304619
1428228418
1428060672
1428057243
1427692606
1427613463
1427280022
1426999052
1424803360
1424547897
1424322294
1424090124
1424076609
1423720114
1423018279
1421744357
1421404653
1420030790
1419148332
1418389173
1417888557
1417778495
1417253867
1417244712
1417038260
1417026727
1416463146
1416293044
1416170183
1415469002
1414746507
1414453345
1414356826
1413991689
1413591501
1413507777
1412492304
1412366027
1412055733
1411956256
1411702157
1411671797
1410579898
1410106571
1409996800
1409839264
1409159625
1408977192
1408553580
1408218069
1408139411
1407381614
1407363495
1407293234
1406739173
1406187268
1405554408
1405156020
1404303362
1404013330
1403944935
1403380441
1402459547
1402282766
1402225704
1402147268
1401868206
1401471926
1401102228
1400894404
1400869395
1400493091
1400331827
1400090326
1399091515
1398667507
1398593469
1398497571
1398440574
1398397671
1398240760
1397910007
1397553041
1397256608
1396474192
1396121540
1395659521
1395341182
1394736315
1394507319
1394152297
1394030770
1393804941
1392109713
1391956957
1391726998
1391409876
1391212945
1391092237
1390729419
1390465559
1390289188
1390190337
1390120390
1390031428
1389948945
1388881429
1388755206
1388431539
1388025340
1386940398
1386561076
1386233018
1386125270
1386093373
1385674896
1385470170
1385177587
1384829146
1384761557
1384607503
1384392392
1384306412
1383288623
1382380912
1382251521
1382199628
1382147593
1381750557
1381614145
1380823310
1380390115
1380308327
1379975541
1379724401
1379591997
1379181491
1378384891
1378004876
1377553715
1377069607
1376833221
1376606609
1376590708
1376087567
1376078147
1376052789
1374086094
1373925396
1372871850
1372846753
1372193395
1372082858
1372044964
1371775668
1371638842
1371607604
1371563954
1371399062
1371353253
1370984324
1370818718
1369382202
1369109913
1369068191
1368828707
1368683715
1367885266
1367632706
1367437423
1366875542
1366821456
1366633871
1364441313
1364139081
1363916412
1363177814
1362746048
1362697545
1362322908
1361881856
1361179405
1361111505
1361095530
1360550772
1359646057
1359464027
1359235335
1358863621
1358823761
1358328849
1358323458
1358320612
1357925730
1357454381
1357135675
1357029795
1356902023
1356879286
1356398104
1356356896
1355977745
1355441321
1355430647
1355355638
1354736939
1354404049
1353420173
1352461184
1352288485
1352192747
1351180361
1351100702
1350285946
1350249651
1349754232
1349583627
1348896421
1348879555
1348864081
1348542331
1348140797
1347662968
1347569607
1347410241
1346808306
1346776281
1346666400
1345168147
1345140927
1345124271
1344994029
1344695223
1344512801
1344401026
1344238367
1344113152
1343626900
1343022358
1342818930
1342553169
1340996288
1340835180
1340172426
1339770847
1339564179
1339276905
1339164675
1338948700
1338752611
1338572013
1337975086
1337876303
1337844984
1337842268
1337569323
1335871823
1335073069
1334096863
1332764217
1332670324
1332644599
1332219746
1331175681
1330305234
1330064524
1329774407
1328902310
1328639450
1326866902
1326392930
1325753705
1325453300
1324964668
1324676987
1324597584
1323758900
1323597042
1323235326
1323151905
1323091047
1322909968
1321886607
1321840487
1321823221
1321614291
1321217393
1321067042
1320260601
1319771060
1318772265
1318753389
1318675126
1318478244
1318466601
1318313536
1317947389
1316896211
1316887887
1316074670
1315908778
1312569175
1311867170
1311719132
1311554861
1311437418
1310727314
1310556719
1309019043
1307900080
1306774231
1306383299
1306292517
1305767761
1305702864
1305387577
1304882339
1304039248
1303894371
1303379926
1302805495
1302566879
1302337430
1301908363
1301036884
1299584278
1299434452
1297778658
1297397640
1297110169
1297026555
1296804628
1296619184
1296258748
1296047263
1294938426
1294579097
1294479303
1294144397
1293875916
1293669110
1293537804
1292741840
1291427278
1291253506
1290956367
1290762299
1290543347
1290441121
1289682805
1289095553
1289025544
1288704752
1288328686
1288250535
1288183711
1288144792
1287858231
1286911816
1286293520
1285992583
1284166263
1283752498
1283603216
1283529757
1283197200
1283099110
1281504231
1280978167
1280689875
1280321067
1278890666
1278338134
1277137696
1277084191
1276422123
1275208837
1275023130
1274508080
1274460454
1274287001
1273722838
1273087641
1271103805
1271060855
1271002213
1270992387
1270121132
1269695037
1268771121
1268456591
1267968912
1267647495
1267313974
1266656241
1266392416
1266246823
1266114021
1265947706
1265602345
1264993429
1264742154
1264518051
1264502928
1264019531
1263971850
1263924528
1263241474
1263002041
1262244202
1261769595
1261681059
1261230976
1260744773
1260157903
1259820701
1259224246
1258846865
1258070645
1258037626
1257724583
1256949108
1256581146
1256440967
1255850903
1255788706
1255642481
1255338394
1255113456
1254000553
1253929191
1252950079
1252478027
1251099818
1250996431
1250226469
1250069805
1249567733
1249553270
1248720300
1248443664
1248433603
1248201980
1247987796
1247668324
1247603645
1247262619
1246819149
1246235808
1246219946
1245722653
1245455228
1245092493
1244171951
1243772392
1243379871
1242952067
1242270474
1241451374
1241424599
1241349999
1240979840
1240836358
1240594829
1240461025
1240301899
1239824657
1239447328
1238726567
1237962532
1237429032
1237415044
1237408759
1237346629
1237154529
1237134061
1237102009
1236663980
1234837337
1234769542
1233869831
1233415918
1233271179
1232741750
1232553455
1232531573
1232231570
1232195535
1231541750
1231368043
1230843998
1229646179
1229343514
1229042575
1228637858
1228269002
1227690897
1227201679
1226985352
1226325084
1225684751
1225646465
1225420870
1225163651
1225001400
1223328209
1223260256
1223257549
1223099703
1222319277
1220972964
1220761204
1220658214
1220483395
1220444464
1220231738
1220053612
1219903385
1219497565
1218990201
1218615582
1215984744
1215662550
1215197081
1215127244
1214801771
1214495613
1214294586
1214179518
1213702157
1213349978
1212543190
1211877255
1211607932
1211257855
1209501159
1209102928
1208653906
1208633210
1208588671
1208460512
1208250396
1207082035
1206812331
1206626540
1206588994
1205490730
1205476267
1205431863
1204907724
1202403695
1202085206
1202029543
1201797980
1200892974
1200660896
1199985630
1199581891
1199502946
1199061443
1198861330
1196597315
1195908063
1195854539
1195591018
1195568317
1195548325
1194267388
1194161717
1193349301
1192252392
1192020324
1191501902
1191286959
1191141688
1191134018
1190820350
1189667206
1189609343
1189135090
1189116489
1189104783
1188928299
1188458031
1188241943
1188208484
1187624125
1186241980
1186037601
1185932300
1185766879
1185644358
1185244459
1185243047
1184676168
1184669565
1184016905
1183716379
1183497672
1183221522
1182893972
1182845933
1182743681
1181771404
1181098048
1179716927
1177547861
1177218630
1177162229
1176853539
1176545376
1176161906
1175706803
1175479382
1175001483
1174916330
1174759693
1174271182
1174227034
1173544942
1173454928
1173342231
1172748503
1172371843
1172190332
1172077513
1171924683
1171324975
1170874952
1170226868
1168896054
1168490798
1168092009
1167848502
1167809173
1167566690
1167331983
1167091483
1166948153
1164646005
1164484666
1164311573
1164011300
1163965655
1163625102
1163095734
1162882407
1162623010
1162617872
1162566839
1161792497
1161360168
1160679067
1160537008
1159945177
1159781394
1159543910
1158854875
1158643750
1158176835
1157676145
1157248607
1156001082
1155940392
1155865911
1155739103
1155475404
1155139383
1155055122
1154159242
1152876170
1152384065
1150969743
1150797717
1150510876
1150155852
1149701491
1149462633
1149439749
1148617096
1148215615
1148038794
1147926119
1146729586
1146228155
1145242292
1144910508
1144627955
1144569758
1144445376
1144086036
1143945452
1143409315
1143362301
1143046554
1142611041
1140598438
1140424089
1140375035
1140292554
1140023696
1139887200
1139382523
1138976058
1138001710
1137969645
1137959237
1137890496
1135930375
1135262411
1135161592
1134718106
1134657312
1134203222
1132664718
1132136548
1131977460
1131908292
1131861823
1130841775
1130713965
1130668551
1130636051
1130476560
1130148517
1129993293
1129710536
1128962881
1128926218
1128843727
1128777643
1128776300
1128519188
1128066090
1127816758
1126832791
1126732316
1126410341
1126226880
1125279162
1125031940
1124898928
1124105219
1123989230
1123759644
1123707953
1123478605
1123128784
1122691824
1122320101
1122174062
1122060492
1120538304
1119566897
1119565471
1119558095
1119526629
1119405076
1119350796
1118897479
1118844680
1118645842
1118468398
1117927111
1117425192
1116981461
1116739346
1116544425
1116507335
1115650148
1115643828
1115134913
1114549335
1114318818
1113668361
1112888547
1112641557
1112541107
1111912799
1111227677
1110202453
1109438706
1108748263
1108374127
1107262837
1107119922
1106975116
1106527543
1106482783
1104821142
1104316154
1103598547
1102801417
1102050634
1101559895
1099393927
1099016364
1098733276
1098495937
1097573509
1097385725
1097307794
1096345375
1096330187
1095977509
1095844219
1095697642
1095659306
1095649085
1094961454
1094263562
1094108721
1093776688
1093177978
1092962043
1092840043
1092720871
1092664934
1091888209
1091868547
1091644480
1091417661
1091393818
1091317731
1091208577
1091173567
1091115301
1090322182
1090271697
1089090555
1088861729
1087115364
1086549601
1086238326
1086176887
1084918784
1084850002
1084395996
1083845348
1083595238
1083115826
1082486400
1081441755
1081143603
1080003371
1079863301
1079374287
1079372593
1079019064
1078807591
1078806176
1078053518
1077456825
1077142907
1077108679
1076523979
1076475700
1075990947
1074639753
1074429228
1073231267
1072787737
1071291491
1071194172
1069794235
1068484388
1068455606
1068402666
1067322358
1067234827
1067040536
1066934582
1066786799
1064322389
1064206783
1064172913
1063978501
1063912128
1063665622
1063483412
1062989752
1062742070
1062573996
1062123458
1061005570
1060748264
1059886259
1059785762
1058952784
1058406704
1057842923
1056883724
1055831188
1055733835
1055604322
1055281941
1054968268
1054413206
1053746661
1053517639
1053469096
1053231414
1052831278
1052719637
1052647893
1052261267
1052161322
1051971588
1051929737
1051927114
1051858899
1051275040
1050557004
1049124107
1048386760
1047514293
1047465413
1047248543
1046857754
1046803435
1046709656
1045928322
1045491769
1044318084
1044125385
1043802313
1043739547
1043426309
1043377811
1043106595
1042543195
1042403440
1042131476
1041986486
1040486098
1039857595
1039165380
1038699316
1038605973
1038453539
1038167584
1037689090
1037671573
1037016165
1036309337
1035800504
1035737168
1034999545
1034420033
1033718247
1033704650
1033600844
1032425540
1031533048
1030811639
1028726832
1027836615
1026483995
1026223689
1025976662
1025848204
1025423191
1024027068
1023798132
1023156775
1021794056
1021574359
1021463796
1021310310
1021254463
1020342227
1020338880
1020319422
1019990082
1019623466
1019346985
1019271543
1019089412
1018803215
1018525607
1018132517
1017500724
1017384629
1017149377
1017074170
1017009293
1016995185
1016480561
1016319570
1016248845
1015211844
1014457103
1013408981
1013149338
1013082629
1011953237
1011338533
1011303786
1011053524
1010799389
1010457023
1010349570
1010174488
1009321946
1009058177
1008711285
1008201810
1007434712
1007076262
1006812675
1006660257
1006262195
1004535460
1003244507
1003139937
1003026870
1002978510
1002620856
1002508915
1002116830
1001305202
1001167309
1000646401
1000364517
999352399
998757950
997978568
996946258
995437288
995370707
994305331
993916443
993852369
993707353
993689149
993583530
993039361
992532879
992264900
991928536
991580669
991541580
991541403
991487565
990622814
990206929
989783148
989052169
988956211
988707563
988421543
988065664
987776981
987388151
985075283
984844958
984674766
984571619
983310473
982235472
982081173
981606330
980504791
980075978
979533148
978773616
978667905
978606347
977698394
977567194
977453071
976586364
976382691
975992647
975923309
975901977
975810135
973230097
973156565
972517848
972231206
972120889
971864177
971777174
970541220
970311355
969409881
969224642
969124698
968062351
967769542
967254782
966687576
966324697
966245083
965116019
964905276
964754841
964080583
963669387
963664018
962731321
962534934
961379233
961290070
961034272
960655547
960441173
960197551
959846307
959825966
959729567
959584928
959428987
958691617
958097531
957869481
957556089
957509456
957483382
956322425
955694689
955200627
954800952
953853406
952516932
952181599
951946455
951898262
951742762
951230100
951012307
950601516
950186893
949558935
948940997
948794904
948514153
948219980
946252256
945617909
944047389
943899417
943646326
943440513
943070489
942690856
942406252
941709345
941183294
940795750
939592861
939524605
939504020
939432631
938440472
938158863
936651105
936453639
935408560
935005951
934949887
934791552
934421940
934397845
934318192
934156453
934089426
933997605
933544350
933528872
933257671
932060200
931645677
930971667
930416963
930382037
930368098
930194412
930141020
929281762
929029394
928332893
928096195
926884722
926405482
925729292
925647498
925251837
925178035
924736812
924645480
924428054
923878840
922672570
922360896
921341327
921145935
920484982
920463977
920407194
920290079
920083966
920060668
918439916
917597956
917489819
917243019
917212084
915390436
915337913
914721179
914471105
914446488
914426844
912781477
912756822
912189689
911846424
911800352
911628868
911550223
911351022
910904873
910060315
910055832
909999356
908952789
907971057
906776348
906637915
906262163
905683776
905575485
905456832
905276887
905208835
904968369
904839796
903493272
902776887
902553256
902547220
902545982
902169821
902163091
900770030
900474793
899748175
899717728
899589862
898416912
897852564
897760915
897264758
896497597
896233659
896191212
896136183
895423401
895403645
895194823
895187682
894806239
894676808
894653257
894627801
893446198
892481677
892341866
892100638
891944708
891762513
891631121
891509211
890721481
890518991
889906264
888975436
886902596
886005781
885560437
884725649
884451993
884412067
884158719
883974718
883841799
883429447
882567836
882454065
882195499
882174242
882027579
881313229
880977271
880520017
880360112
880350992
880349787
879131284
878040999
877409839
876734290
876213205
875241140
875137903
874374091
874326264
873217944
873191707
872938045
872912351
872602603
872468023
871947332
871859908
871541342
871443263
870573213
870372861
870128690
869530815
869324797
869243055
868827419
868767050
867780008
867127740
867069580
866330403
866096981
865381639
865335929
865201447
865167133
865117234
863813909
863794219
863318581
862987961
862879286
862348649
861863740
861607354
861426632
861165055
860902809
859642837
859381334
858342049
857523291
857455488
856834115
856823510
855080054
855063079
854514311
854212600
854021064
853183393
852946495
852785548
850683170
850656718
850391342
849740871
848719052
848341622
847485190
846604246
846455593
846363885
846155217
846100443
845236823
845131587
844601011
843372576
840673166
840457308
839975992
839856393
839426280
839220804
838814764
836055520
835342792
835287315
834832563
834460281
834068396
832795264
832688293
832370990
832297306
832008872
831883943
831478108
830501768
829997970
829694490
829278225
828338681
828329927
828196139
827648765
827320035
827309443
826856933
825209197
823861228
823811288
823109524
822775600
822767888
821483570
820915892
820473086
819868456
819736239
819303711
818633524
818202739
818168309
817767032
817172653
817148173
816911076
816168107
815823037
814576382
813789639
813071152
811367116
810964521
810037716
809636738
809478305
809112482
808634787
808559006
808344439
808315169
808071315
807945845
807824080
807790075
807485431
807023332
806310141
806278398
806267228
806030336
805819819
805433142
804610455
804348551
803924581
802732692
802716355
802710294
802620359
802103581
801285606
799811270
798915959
798637820
798204692
798031609
797174136
797161353
796494508
795985190
795546196
795232145
794019192
793882445
793228561
792678698
792403224
791639516
790992035
790877639
790239605
790210321
789917805
789668039
788799763
788689006
788552488
788256409
787132436
786105838
785812448
785791131
785657658
785579539
784154227
783160186
783089025
782807834
782028957
781996246
781861451
781494426
780159703
780013483
779930872
779656500
779257107
778938979
778852759
778506282
777247510
777090154
775976219
775969491
775239286
775190222
774701401
774619628
774606623
773946858
773805159
773539869
772711092
771979271
771977230
771287825
770790085
770368262
769660416
769266850
768704000
768536407
768304899
767832634
765837393
765152824
765025400
764794551
764680500
764659020
763484346
763111736
762595291
761271802
761028717
760582176
759440569
759382621
757857114
756800102
756707292
756591930
756453945
755850620
755433470
755253300
755101911
754846871
754363757
753994791
752975587
752721133
752414644
752407620
751791468
751493717
751396819
750028330
749231499
748503810
748299738
747723194
747430812
747333145
746601786
746493829
746052605
745961738
745417096
744372617
744355606
744265101
743734412
743592210
743570680
743514137
743336963
743014166
742807537
742557884
742081271
741990510
740886023
740722243
740718952
740367152
740360252
739943304
739428401
739331881
739235432
739089693
738502482
737394604
737069120
736899609
736732943
736495841
735863232
735574380
735490539
735423672
733719100
733638415
733044753
733020118
732979134
732332345
732095208
731663110
731373922
730913361
730579764
729913532
729767840
729408520
729314459
729296342
728823579
728186295
725241217
725066899
724510304
723850222
723812897
723798579
723671543
723400594
723044507
722496252
722172306
722106620
721977739
721524984
720511873
720325606
720178646
720059774
720006042
719980098
719595118
719390168
719364186
719166480
719001392
718994377
718308006
717819487
717677850
717453948
717443396
716773994
715913025
715698935
715663056
715461378
715431677
715161752
714484184
714304865
714170155
714010343
713254145
711264214
711072288
709806360
707843525
707829536
707711300
706868004
706679940
706419084
703884299
703686502
703140155
702987980
702533755
702044543
700922923
700784857
699645830
699482048
699425751
699059853
697415790
697276884
696746339
696512156
694777431
694648246
694099595
693317250
692980705
692963761
692873989
692643351
692354792
692183994
692061894
689450550
689375731
689310224
689304339
689276041
688677544
688234694
688120949
688022630
687579883
686820505
686788079
686755142
686704332
685567987
685562564
685444697
685365243
685146728
684861076
684844457
684749522
684737271
684732985
684466642
683867020
683703618
683562070
682822819
682796364
682748115
682659777
682484836
682170580
681722753
681682814
681487870
681328856
681196955
680104938
679886700
679770037
678968655
677846615
677444122
677319670
676648193
675827749
674345491
674177005
674020014
673256452
673103781
672433965
672222674
671649030
671517134
671122934
670635906
670296153
670106700
669872973
668836421
667720660
666695150
666108176
665752396
665242391
665174945
665154976
664940746
664809933
664743777
664607763
664442306
664180669
663961890
663913721
663900441
663816169
663451006
663325238
663237792
662845240
662148225
662034845
661557508
659900171
659441804
659355741
659273435
658668454
658517277
658266509
656598682
655907973
655519994
655150613
654662946
654552922
654446586
654316192
653396964
652668220
652441124
652101451
651768225
650680848
650162791
649907809
649687048
649078447
648842031
648723077
647902317
647799397
646521611
646356710
645995996
645545711
645113417
644330036
644278460
643706896
643182866
642427706
642409898
642090237
639943181
639937185
639713479
639414281
639170475
638991434
638674352
637573079
637475827
637318747
637163454
637003757
636669850
635756909
635736754
635614244
635315501
634966649
634868322
634423314
633665517
632618512
632460460
631849626
631817080
631107991
630502625
629668752
629611755
629323199
629296185
629177072
628970013
628658543
626386281
626278205
626224018
625497511
625364383
625179322
625090752
625052284
624826799
624667327
624615321
624386880
623560017
623506641
623445748
622839256
622453590
622177849
621786193
621258667
620983442
620233914
620090379
620084437
619775142
619669887
619526927
619482050
619094653
617067698
616630905
616381047
615245822
614601764
614250748
613345271
612931986
612680577
612440607
611582621
611474186
611435438
610843202
610768769
610173613
610138948
609698806
608918999
608138509
608064228
608063145
607398130
607317234
607197168
606821733
606411105
606130361
606105696
605080159
604218959
603684160
603355207
603218701
602450054
601869707
600773362
600215150
600047875
599638945
598882622
598821202
598678476
597777750
597472796
596796774
596057485
595503597
595362527
594918631
594805019
594552417
594230085
593841735
593723378
593377604
593169862
592832423
592799892
592359644
592252163
592073323
591300301
591225860
590807833
590738575
590583705
590198063
589795515
588359954
588146453
587758604
587524457
587179235
586978283
586838479
586245028
585965012
585636970
584291266
584246469
583554191
582575561
582483980
581628056
580142079
579743106
579520179
579421210
578950401
577819838
577752246
577669870
577313406
577162188
576863996
576678147
576665249
576531328
576514370
576085204
575771200
575658101
574290231
574281032
573793279
573599609
573593167
573075166
572900499
572514571
572362517
571974325
571471945
570851173
570242136
569606061
569604758
569337880
569291382
568612677
568459913
568151714
567994088
567848640
566830973
566337398
566152123
565309514
564635648
562478304
562163047
562095632
562009464
561642911
561479084
561405903
561386107
560971017
560599433
560201965
559583962
559166103
559125815
558449197
557208508
556787997
555290741
555167773
554924843
554434600
554417210
553899915
553735859
553709595
553543887
553198129
553004151
552155991
551880891
551253414
550749052
550748229
550629443
550605618
549319223
549166959
547937774
547922356
547209939
546849683
546637209
546504306
546181617
546089937
545657196
544330934
543705107
543677031
543069514
542797344
541630620
541285134
541077294
539763067
539643344
539628810
539146527
538709877
538577310
538096447
537825863
537625684
537087964
536703370
535970207
534810894
532992163
531377512
531318140
529774296
529744711
529708673
527354017
526910410
526200737
526111614
526047364
525975322
525815855
525507678
525017507
524428521
524142859
522420044
522331186
521763280
521695391
521639704
520501386
520446594
520323154
519994688
519984240
519036775
518798047
518716302
517408892
517129617
517039502
516937746
516731787
516209843
516064965
516061123
515555485
514899937
514011032
513717403
513623030
513579763
513296792
513281491
513029434
512720214
512617306
511480727
511227597
511198633
510448199
509935393
509591438
509281364
509149794
509112521
507730231
506978507
506658768
506572009
506170431
506142666
505641555
505155567
504704706
504207065
503667198
503491702
503325833
502499417
501579124
501443408
501216204
500616843
500361633
499938851
499806155
499317801
498899561
498279726
496840830
495877385
495335335
495145810
494656719
494508591
494387258
494128163
494071422
493267557
492124397
491105415
490944093
489685500
489110162
488764479
486819314
486721438
486137964
485950279
485412100
485068112
484598551
484208605
483354456
483140787
483097414
482429478
481997051
481094302
481027541
480622871
480035103
479929273
477842352
476928028
476619043
476409078
475748072
475135611
474798449
474770023
474745590
474224431
473258864
472637087
471270184
470932650
470863481
470598553
469787282
469514889
469381895
469329540
469014022
466892703
466683880
466664535
466431051
465962863
465539019
465085572
464858868
463943822
463654169
463313049
462996550
462406272
462296528
461446945
460717617
459064088
458827260
458779026
458082945
457581752
457141600
457119573
456347249
456262501
456092496
455758739
454870455
454758771
454331377
454040745
452764668
452375957
451713287
451202234
451066108
450971638
450415066
450411334
450305955
450174368
450061526
449643443
448867774
448644945
447143432
446527359
445156403
444704632
444415649
444140778
443998613
443803727
443478096
442730067
442350497
442032732
441118182
440936037
440168022
439841726
439612809
439214290
438686244
438562699
438516708
437987053
436745523
436605432
436376082
436143193
435364580
434989443
434787938
434381810
433098348
431993604
431831193
431535598
431274872
431271824
430703401
430172980
430049939
430004029
429788946
429110263
429079335
428388623
426896535
426625219
426343854
426324950
426306790
425682046
424580074
424258828
424203582
423834747
423503578
423218534
422963031
422739642
422050919
421904250
421047262
420984657
420966237
420876558
420534544
420328502
419453902
419370103
419268302
418704234
418655245
418547262
417866708
417614770
417499846
416876370
416171906
416161163
415793951
415123147
414685115
414222742
414164374
413802425
413771875
413667128
413662077
413283390
413117186
412608455
412236075
412150748
411866342
411864570
411106948
410972010
410701230
409727688
409560957
408984106
408838248
408685260
408478288
407961133
407401904
407398704
407305377
406199008
406184742
405670604
405576613
404730004
403128111
402716362
401933868
401803560
401798145
401389774
400945159
400527174
400496404
399909804
399634993
398995632
398634292
398052322
397953185
397734388
397402745
396480580
396149305
395739878
394842369
394616338
394021189
393951654
393701856
393698990
393569391
393524443
393296136
393167349
392627238
392496034
392320000
392258200
391782826
391734126
391317902
390852188
390005667
388952104
388502342
388219690
387303754
386897617
384032125
384023852
383875662
383668274
383476512
383465399
383210531
383170357
381854857
379496947
379484304
379191692
377770477
377719178
377692593
377245142
376979405
376937270
376694204
376182865
375687309
375682900
375676919
375142090
374980240
374434238
374127081
373833934
373604704
372620250
372362450
372129133
370864622
370494156
370462353
370159529
370080384
369839275
369756494
369451088
368939874
367298038
367098983
366907851
366905855
366826467
366171512
365828022
364999427
364964546
364327794
364094649
363698438
363408896
363364127
362940124
362921557
361433515
360138920
359931407
359300900
358062433
357916723
357656559
357082496
357044124
357034776
356063411
355998475
355361054
355000730
354615161
354609454
354450585
353866367
353308894
353253794
353091177
353069002
353014297
352253315
352078639
351997572
350474901
350398854
350290714
349606289
349501186
349266205
348193408
347875348
347429839
347205618
347025617
347007047
346996037
346575265
345896549
345468589
344824220
344656572
343152064
343048270
342552045
342338003
342141052
340600030
340304979
338931261
337756848
337569209
337090553
337065397
336951504
336028152
335335092
335115736
334979431
334362544
333723389
333651441
333399531
332947529
332884250
332619902
332400995
330467988
329679681
328384471
328183432
327929712
327646818
327627027
327523502
327098959
326913657
326079697
325150674
325007511
324432438
324422329
324217580
323313227
322918647
322862868
322387464
321908666
321677746
320917569
320868595
319198568
318787073
318518779
318401132
318347580
317827616
317511906
317301860
317104738
316495651
316443633
315760217
315282990
314562345
314140976
313692903
313594008
313167960
312948712
312781747
312394492
312003317
311777719
311450708
311422680
311287215
311029372
310804703
310040672
308725869
308532050
307601647
307253587
307139711
306930278
306908721
306899657
306840604
306438546
306042689
305280602
304747980
304715128
304359032
304094971
304073029
302634643
302528541
302207219
302187836
301470914
301275411
300999690
300963089
300820178
300444119
299949381
299838323
299756473
299349076
299206039
297730905
297524340
296649127
296602403
295594060
295586252
295394104
295149718
294766810
294450134
294101798
292595160
292088903
291040901
290375191
290257991
290114664
289048296
287131490
285826548
285500815
285230515
285013076
284876550
284422775
284132400
283950077
283939871
283830103
283788614
283589911
283548664
283232797
282847559
282500906
282121928
281803597
281474691
281473113
281316793
281240787
281054130
279962909
279754842
279733104
279664737
279622633
279544199
278410392
278138951
278078475
277956243
277903845
276836137
275921485
275598604
275349828
274574678
274544883
274495789
273777388
272383125
272310647
271971206
271871690
271216473
270631096
270266829
269839671
269719129
269289535
269276785
269193337
269008949
268433576
268412522
268157774
267567066
267555525
266699042
266527389
266476517
266175634
265048025
264837651
264095739
263989902
263517386
263204995
262906773
261441293
261403444
259586566
259081214
257978188
257685726
257104197
256833473
256596717
256405646
255373112
255020137
254193095
253810857
252998468
252905420
252760046
251906059
251881201
251733057
251703291
251660306
250722065
250037957
249183163
249013939
248116761
246549406
246480725
246312774
245797307
245725966
244789833
244005549
243445289
243190026
242517590
241504602
241212213
241059549
240701165
240544379
240268637
239882088
239696994
239500163
238734661
238429006
237729286
236665696
236597910
236054173
235932444
234405116
234113100
234008024
233462206
233398265
233215294
233083988
232990722
231852689
231408034
231034733
230971061
230178568
228119047
227889286
227704614
227550438
227181468
226838905
226491723
224408505
223785491
222660610
221481970
221229001
221163713
220769150
220705014
220584981
220334659
220269086
220067191
219673145
219029356
216401466
216100273
215526420
215243940
214746067
212394886
212020886
211815775
210969078
210580938
210083307
210037369
209128387
208697975
208609994
208388050
208379830
208213176
207854304
207781333
207442309
207274141
206917794
206692053
206659826
206624799
206264818
205838590
205149246
204902419
204599510
204202730
203661319
202991279
200825866
200779914
200771109
200681049
200248653
199171792
199068561
198856845
198456796
198342544
197615286
196917835
196625529
196558893
196043358
195684811
195351326
194620110
194363559
194161792
192767800
192418782
191400556
191315278
190207678
189903547
189455238
189156737
188916391
187130533
187055537
186944592
186297242
185784339
185643026
184832365
184792692
184729727
184656422
184469833
184121290
183952274
182822760
182416071
182109135
181751328
181739062
180374280
180189604
180105122
179079155
178804962
178488220
178266161
176803037
176581222
176243168
176096313
175516154
175508759
174483676
174310290
173504259
173162548
172615957
171771560
171250322
170833203
170770713
170541960
169838101
169244243
168900336
168507629
168446630
168116273
167384724
167132810
166925864
166608146
166546040
165767218
164614991
164384449
163911297
163344636
163339206
163203013
162794851
162767701
162753147
162673141
161796878
161580347
160515895
160170471
159439278
156135077
155486147
155402602
155326363
154681363
154546904
154450678
153003178
152939211
151741320
151469276
151010570
149879370
149518627
148945904
148576959
148540185
148490897
148436354
147837706
147590582
147542664
147066962
146743826
145173724
144880234
144183466
143924914
143767163
143567289
143486443
143054970
142811274
142708814
142569872
142457559
141917513
141764945
141616897
141473075
140892924
140838771
140780934
140632336
140402016
140183732
140127662
140120777
139037062
138920098
138844479
138171789
136777411
136634994
136436152
136403434
135865272
135577614
135539779
134626668
134291215
133461565
132780291
132625659
132446436
131669555
131444754
131209610
131132953
130269346
130169631
129940856
129606659
129347094
128802096
128239599
127381447
127069033
126736257
126489401
126445438
126418726
126341767
126266885
125796718
125518563
125241786
124988390
124973531
124941665
124108568
123793294
123715511
123702122
123672371
123656720
123439960
123370677
122891419
122107913
121898422
121831329
121120592
121021349
120871649
120611343
120187177
120091702
119639292
119540233
119531487
118950566
118902684
118698379
118663214
118607992
118390715
118245790
117967386
117505194
117175321
116002448
115783466
115471324
114442237
114283864
112462835
111815890
111456970
111356901
110809549
109968729
109901566
109818934
109345021
109016806
108983763
108464995
108037862
107059796
107038517
106217721
104759821
104612307
103918337
103001490
102953139
102341581
101611195
101463039
100333071
100318137
99436283
98879032
98273388
98151706
97811457
97490019
96977435
95815325
95790497
95597130
94739600
94038370
92729596
92633437
91482371
91479578
89318099
89136990
89122257
88938206
88850719
88758594
87503098
87480376
87041447
86024294
84970365
84538851
84378586
83683152
83294513
82938851
82698977
82183880
81681998
81264562
79642320
79257823
79170993
79124476
77702049
77343328
77246519
76328513
75940982
75917638
75587593
74342030
74208305
74120081
73904638
73000827
72862439
72839122
71777024
71384595
71335572
70269163
69453805
68815546
68750827
68055251
67968240
67379094
67215916
66272106
66029334
64759652
64666540
64116036
63965392
63937808
63356955
63349529
63347382
62918904
62683688
62409429
62384832
62128429
62100738
61732389
61278232
60845057
60705684
60318035
60083450
58982098
58849056
58511370
57335276
57293198
57140157
56981842
56893391
55948720
55244257
55178143
55102324
54167903
53499360
53192112
52703143
52451702
52026935
51165445
51145211
50976002
50200255
50053406
48742315
48520913
48349506
48000154
47955520
47224177
46830923
46516325
46491336
46490752
46140761
45755219
45682935
45094237
44053830
43443006
43302453
42879418
42770553
41831114
41577356
41098515
40712361
40687111
40591761
40051496
39942880
39538738
38421868
37508033
37387994
37222942
36229269
35956140
35921339
35571425
34338364
34241919
32691097
32558290
31145720
29388595
28868818
28445272
28261188
28126271
27844491
27279903
27057562
26326478
26081114
25657236
25437573
25001115
24486558
23918210
23779497
23553693
23263410
23249111
23132066
22616999
22235579
20882955
19671319
19551504
19355540
19238681
17168742
16870825
16432950
16297867
16230884
15982068
15506591
14773552
14650511
14459085
14313126
14097735
14052655
13728449
13603595
13060464
12271757
11804193
11643171
11268952
11267196
10486952
9567013
8869286
8669006
8268103
7870754
7832898
7607803
7464405
6264141
6121480
5615372
5550042
5231704
4795853
4662929
4369332
3855591
3659951
3229285
3167372
2838760
2071236
