2030340
2071236
2838760
3167372
3229285
3659951
3855591
4369332
4662929
4795853
5231704
5550042
5615372
6121480
6264141
7464405
7607803
7832898
7870754
8268103
8669006
8869286
9567013
10486952
11267196
11268952
11643171
11804193
12271757
13060464
13603595
13728449
14052655
14097735
14313126
14459085
14650511
14773552
15506591
15982068
16230884
16297867
16432950
16870825
17168742
19238681
19355540
19551504
19671319
20882955
22235579
22616999
23132066
23249111
23263410
23553693
23779497
23918210
24486558
25001115
25437573
25657236
26081114
26326478
27057562
27279903
27844491
28126271
28261188
28445272
28868818
29388595
31145720
32558290
32691097
34241919
34338364
35571425
35921339
35956140
36229269
37222942
37387994
37508033
38421868
39538738
39942880
40051496
40591761
40687111
40712361
41098515
41577356
41831114
42770553
42879418
43302453
43443006
44053830
45094237
45682935
45755219
46140761
46490752
46491336
46516325
46830923
47224177
47955520
48000154
48349506
48520913
48742315
50053406
50200255
50976002
51145211
51165445
52026935
52451702
52703143
53192112
53499360
54167903
55102324
55178143
55244257
55948720
56893391
56981842
57140157
57293198
57335276
58511370
58849056
58982098
60083450
60318035
60705684
60845057
61278232
61732389
62100738
62128429
62384832
62409429
62683688
62918904
63347382
63349529
63356955
63937808
63965392
64116036
64666540
64759652
66029334
66272106
67215916
67379094
67968240
68055251
68750827
68815546
69453805
70269163
71335572
71384595
71777024
72839122
72862439
73000827
73904638
74120081
74208305
74342030
75587593
75917638
75940982
76328513
77246519
77343328
77702049
79124476
79170993
79257823
79642320
81264562
81681998
82183880
82698977
82938851
83294513
83683152
84378586
84538851
84970365
86024294
87041447
87480376
87503098
88758594
88850719
88938206
89122257
89136990
89318099
91479578
91482371
92633437
92729596
94038370
94739600
95597130
95790497
95815325
96977435
97490019
97811457
98151706
98273388
98879032
99436283
100318137
100333071
101463039
101611195
102341581
102953139
103001490
103918337
104612307
104759821
106217721
107038517
107059796
108037862
108464995
108983763
109016806
109345021
109818934
109901566
109968729
110809549
111356901
111456970
111815890
112462835
114283864
114442237
115471324
115783466
116002448
117175321
117505194
117967386
118245790
118390715
118607992
118663214
118698379
118902684
118950566
119531487
119540233
119639292
120091702
120187177
120611343
120871649
121021349
121120592
121831329
121898422
122107913
122891419
123370677
123439960
123656720
123672371
123702122
123715511
123793294
124108568
124941665
124973531
124988390
125241786
125518563
125796718
126266885
126341767
126418726
126445438
126489401
126736257
127069033
127381447
128239599
128802096
129347094
129606659
129940856
130169631
130269346
131132953
131209610
131444754
131669555
132446436
132625659
132780291
133461565
134291215
134626668
135539779
135577614
135865272
136403434
136436152
136634994
136777411
138171789
138844479
138920098
139037062
140120777
140127662
140183732
140402016
140632336
140780934
140838771
140892924
141473075
141616897
141764945
141917513
142457559
142569872
142708814
142811274
143054970
143486443
143567289
143767163
143924914
144183466
144880234
145173724
146743826
147066962
147542664
147590582
147837706
148436354
148490897
148540185
148576959
148945904
149518627
149879370
151010570
151469276
151741320
152939211
153003178
154450678
154546904
154681363
155326363
155402602
155486147
156135077
159439278
160170471
160515895
161580347
161796878
162673141
162753147
162767701
162794851
163203013
163339206
163344636
163911297
164384449
164614991
165767218
166546040
166608146
166925864
167132810
167384724
168116273
168446630
168507629
168900336
169244243
169838101
170541960
170770713
170833203
171250322
171771560
172615957
173162548
173504259
174310290
174483676
175508759
175516154
176096313
176243168
176581222
176803037
178266161
178488220
178804962
179079155
180105122
180189604
180374280
181739062
181751328
182109135
182416071
182822760
183952274
184121290
184469833
184656422
184729727
184792692
184832365
185643026
185784339
186297242
186944592
187055537
187130533
188916391
189156737
189455238
189903547
190207678
191315278
191400556
192418782
192767800
194161792
194363559
194620110
195351326
195684811
196043358
196558893
196625529
196917835
197615286
198342544
198456796
198856845
199068561
199171792
200248653
200681049
200771109
200779914
200825866
202991279
203661319
204202730
204599510
204902419
205149246
205838590
206264818
206624799
206659826
206692053
206917794
207274141
207442309
207781333
207854304
208213176
208379830
208388050
208609994
208697975
209128387
210037369
210083307
210580938
210969078
211815775
212020886
212394886
214746067
215243940
215526420
216100273
216401466
219029356
219673145
220067191
220269086
220334659
220584981
220705014
220769150
221163713
221229001
221481970
222660610
223785491
224408505
226491723
226838905
227181468
227550438
227704614
227889286
228119047
230178568
230971061
231034733
231408034
231852689
232990722
233083988
233215294
233398265
233462206
234008024
234113100
234405116
235932444
236054173
236597910
236665696
237729286
238429006
238734661
239500163
239696994
239882088
240268637
240544379
240701165
241059549
241212213
241504602
242517590
243190026
243445289
244005549
244789833
245725966
245797307
246312774
246480725
246549406
248116761
249013939
249183163
250037957
250722065
251660306
251703291
251733057
251881201
251906059
252760046
252905420
252998468
253810857
254193095
255020137
255373112
256405646
256596717
256833473
257104197
257685726
257978188
259081214
259586566
261403444
261441293
262906773
263204995
263517386
263989902
264095739
264837651
265048025
266175634
266476517
266527389
266699042
267555525
267567066
268157774
268412522
268433576
269008949
269193337
269276785
269289535
269719129
269839671
270266829
270631096
271216473
271871690
271971206
272310647
272383125
273777388
274495789
274544883
274574678
275349828
275598604
275921485
276836137
277903845
277956243
278078475
278138951
278410392
279544199
279622633
279664737
279733104
279754842
279962909
281054130
281240787
281316793
281473113
281474691
281803597
282121928
282500906
282847559
283232797
283548664
283589911
283788614
283830103
283939871
283950077
284132400
284422775
284876550
285013076
285230515
285500815
285826548
287131490
289048296
290114664
290257991
290375191
291040901
292088903
292595160
294101798
294450134
294766810
295149718
295394104
295586252
295594060
296602403
296649127
297524340
297730905
299206039
299349076
299756473
299838323
299949381
300444119
300820178
300963089
300999690
301275411
301470914
302187836
302207219
302528541
302634643
304073029
304094971
304359032
304715128
304747980
305280602
306042689
306438546
306840604
306899657
306908721
306930278
307139711
307253587
307601647
308532050
308725869
310040672
310804703
311029372
311287215
311422680
311450708
311777719
312003317
312394492
312781747
312948712
313167960
313594008
313692903
314140976
314562345
315282990
315760217
316443633
316495651
317104738
317301860
317511906
317827616
318347580
318401132
318518779
318787073
319198568
320868595
320917569
321677746
321908666
322387464
322862868
322918647
323313227
324217580
324422329
324432438
325007511
325150674
326079697
326913657
327098959
327523502
327627027
327646818
327929712
328183432
328384471
329679681
330467988
332400995
332619902
332884250
332947529
333399531
333651441
333723389
334362544
334979431
335115736
335335092
336028152
336951504
337065397
337090553
337569209
337756848
338931261
340304979
340600030
342141052
342338003
342552045
343048270
343152064
344656572
344824220
345468589
345896549
346575265
346996037
347007047
347025617
347205618
347429839
347875348
348193408
349266205
349501186
349606289
350290714
350398854
350474901
351997572
352078639
352253315
353014297
353069002
353091177
353253794
353308894
353866367
354450585
354609454
354615161
355000730
355361054
355998475
356063411
357034776
357044124
357082496
357656559
357916723
358062433
359300900
359931407
360138920
361433515
362921557
362940124
363364127
363408896
363698438
364094649
364327794
364964546
364999427
365828022
366171512
366826467
366905855
366907851
367098983
367298038
368939874
369451088
369756494
369839275
370080384
370159529
370462353
370494156
370864622
372129133
372362450
372620250
373604704
373833934
374127081
374434238
374980240
375142090
375676919
375682900
375687309
376182865
376694204
376937270
376979405
377245142
377692593
377719178
377770477
379191692
379484304
379496947
381854857
383170357
383210531
383465399
383476512
383668274
383875662
384023852
384032125
386897617
387303754
388219690
388502342
388952104
390005667
390852188
391317902
391734126
391782826
392258200
392320000
392496034
392627238
393167349
393296136
393524443
393569391
393698990
393701856
393951654
394021189
394616338
394842369
395739878
396149305
396480580
397402745
397734388
397953185
398052322
398634292
398995632
399634993
399909804
400496404
400527174
400945159
401389774
401798145
401803560
401933868
402716362
403128111
404730004
405576613
405670604
406184742
406199008
407305377
407398704
407401904
407961133
408478288
408685260
408838248
408984106
409560957
409727688
410701230
410972010
411106948
411864570
411866342
412150748
412236075
412608455
413117186
413283390
413662077
413667128
413771875
413802425
414164374
414222742
414685115
415123147
415793951
416161163
416171906
416876370
417499846
417614770
417866708
418547262
418655245
418704234
419268302
419370103
419453902
420328502
420534544
420876558
420966237
420984657
421047262
421904250
422050919
422739642
422963031
423218534
423503578
423834747
424203582
424258828
424580074
425682046
426306790
426324950
426343854
426625219
426896535
428388623
429079335
429110263
429788946
430004029
430049939
430172980
430703401
431271824
431274872
431535598
431831193
431993604
433098348
434381810
434787938
434989443
435364580
436143193
436376082
436605432
436745523
437987053
438516708
438562699
438686244
439214290
439612809
439841726
440168022
440936037
441118182
442032732
442350497
442730067
443478096
443803727
443998613
444140778
444415649
444704632
445156403
446527359
447143432
448644945
448867774
449643443
450061526
450174368
450305955
450411334
450415066
450971638
451066108
451202234
451713287
452375957
452764668
454040745
454331377
454758771
454870455
455758739
456092496
456262501
456347249
457119573
457141600
457581752
458082945
458779026
458827260
459064088
460717617
461446945
462296528
462406272
462996550
463313049
463654169
463943822
464858868
465085572
465539019
465962863
466431051
466664535
466683880
466892703
469014022
469329540
469381895
469514889
469787282
470598553
470863481
470932650
471270184
472637087
473258864
474224431
474745590
474770023
474798449
475135611
475748072
476409078
476619043
476928028
477842352
479929273
480035103
480622871
481027541
481094302
481997051
482429478
483097414
483140787
483354456
484208605
484598551
485068112
485412100
485950279
486137964
486721438
486819314
488764479
489110162
489685500
490944093
491105415
492124397
493267557
494071422
494128163
494387258
494508591
494656719
495145810
495335335
495877385
496840830
498279726
498899561
499317801
499806155
499938851
500361633
500616843
501216204
501443408
501579124
502499417
503325833
503491702
503667198
504207065
504704706
505155567
505641555
506142666
506170431
506572009
506658768
506978507
507730231
509112521
509149794
509281364
509591438
509935393
510448199
511198633
511227597
511480727
512617306
512720214
513029434
513281491
513296792
513579763
513623030
513717403
514011032
514899937
515555485
516061123
516064965
516209843
516731787
516937746
517039502
517129617
517408892
518716302
518798047
519036775
519984240
519994688
520323154
520446594
520501386
521639704
521695391
521763280
522331186
522420044
524142859
524428521
525017507
525507678
525815855
525975322
526047364
526111614
526200737
526910410
527354017
529708673
529744711
529774296
531318140
531377512
532992163
534810894
535970207
536703370
537087964
537625684
537825863
538096447
538577310
538709877
539146527
539628810
539643344
539763067
541077294
541285134
541630620
542797344
543069514
543677031
543705107
544330934
545657196
546089937
546181617
546504306
546637209
546849683
547209939
547922356
547937774
549166959
549319223
550605618
550629443
550748229
550749052
551253414
551880891
552155991
553004151
553198129
553543887
553709595
553735859
553899915
554417210
554434600
554924843
555167773
555290741
556787997
557208508
558449197
559125815
559166103
559583962
560201965
560599433
560971017
561386107
561405903
561479084
561642911
562009464
562095632
562163047
562478304
564635648
565309514
566152123
566337398
566830973
567848640
567994088
568151714
568459913
568612677
569291382
569337880
569604758
569606061
570242136
570851173
571471945
571974325
572362517
572514571
572900499
573075166
573593167
573599609
573793279
574281032
574290231
575658101
575771200
576085204
576514370
576531328
576665249
576678147
576863996
577162188
577313406
577669870
577752246
577819838
578950401
579421210
579520179
579743106
580142079
581628056
582483980
582575561
583554191
584246469
584291266
585636970
585965012
586245028
586838479
586978283
587179235
587524457
587758604
588146453
588359954
589795515
590198063
590583705
590738575
590807833
591225860
591300301
592073323
592252163
592359644
592799892
592832423
593169862
593377604
593723378
593841735
594230085
594552417
594805019
594918631
595362527
595503597
596057485
596796774
597472796
597777750
598678476
598821202
598882622
599638945
600047875
600215150
600773362
601869707
602450054
603218701
603355207
603684160
604218959
605080159
606105696
606130361
606411105
606821733
607197168
607317234
607398130
608063145
608064228
608138509
608918999
609698806
610138948
610173613
610768769
610843202
611435438
611474186
611582621
612440607
612680577
612931986
613345271
614250748
614601764
615245822
616381047
616630905
617067698
619094653
619482050
619526927
619669887
619775142
620084437
620090379
620233914
620983442
621258667
621786193
622177849
622453590
622839256
623445748
623506641
623560017
624386880
624615321
624667327
624826799
625052284
625090752
625179322
625364383
625497511
626224018
626278205
626386281
628658543
628970013
629177072
629296185
629323199
629611755
629668752
630502625
631107991
631817080
631849626
632460460
632618512
633665517
634423314
634868322
634966649
635315501
635614244
635736754
635756909
636669850
637003757
637163454
637318747
637475827
637573079
638674352
638991434
639170475
639414281
639713479
639937185
639943181
642090237
642409898
642427706
643182866
643706896
644278460
644330036
645113417
645545711
645995996
646356710
646521611
647799397
647902317
648723077
648842031
649078447
649687048
649907809
650162791
650680848
651768225
652101451
652441124
652668220
653396964
654316192
654446586
654552922
654662946
655150613
655519994
655907973
656598682
658266509
658517277
658668454
659273435
659355741
659441804
659900171
661557508
662034845
662148225
662845240
663237792
663325238
663451006
663816169
663900441
663913721
663961890
664180669
664442306
664607763
664743777
664809933
664940746
665154976
665174945
665242391
665752396
666108176
666695150
667720660
668836421
669872973
670106700
670296153
670635906
671122934
671517134
671649030
672222674
672433965
673103781
673256452
674020014
674177005
674345491
675827749
676648193
677319670
677444122
677846615
678968655
679770037
679886700
680104938
681196955
681328856
681487870
681682814
681722753
682170580
682484836
682659777
682748115
682796364
682822819
683562070
683703618
683867020
684466642
684732985
684737271
684749522
684844457
684861076
685146728
685365243
685444697
685562564
685567987
686704332
686755142
686788079
686820505
687579883
688022630
688120949
688234694
688677544
689276041
689304339
689310224
689375731
689450550
692061894
692183994
692354792
692643351
692873989
692963761
692980705
693317250
694099595
694648246
694777431
696512156
696746339
697276884
697415790
699059853
699425751
699482048
699645830
700784857
700922923
702044543
702533755
702987980
703140155
703686502
703884299
706419084
706679940
706868004
707711300
707829536
707843525
709806360
711072288
711264214
713254145
714010343
714170155
714304865
714484184
715161752
715431677
715461378
715663056
715698935
715913025
716773994
717443396
717453948
717677850
717819487
718308006
718994377
719001392
719166480
719364186
719390168
719595118
719980098
720006042
720059774
720178646
720325606
720511873
721524984
721977739
722106620
722172306
722496252
723044507
723400594
723671543
723798579
723812897
723850222
724510304
725066899
725241217
728186295
728823579
729296342
729314459
729408520
729767840
729913532
730579764
730913361
731373922
731663110
732095208
732332345
732979134
733020118
733044753
733638415
733719100
735423672
735490539
735574380
735863232
736495841
736732943
736899609
737069120
737394604
738502482
739089693
739235432
739331881
739428401
739943304
740360252
740367152
740718952
740722243
740886023
741990510
742081271
742557884
742807537
743014166
743336963
743514137
743570680
743592210
743734412
744265101
744355606
744372617
745417096
745961738
746052605
746493829
746601786
747333145
747430812
747723194
748299738
748503810
749231499
750028330
751396819
751493717
751791468
752407620
752414644
752721133
752975587
753994791
754363757
754846871
755101911
755253300
755433470
755850620
756453945
756591930
756707292
756800102
757857114
759382621
759440569
760582176
761028717
761271802
762595291
763111736
763484346
764659020
764680500
764794551
765025400
765152824
765837393
767832634
768304899
768536407
768704000
769266850
769660416
770368262
770790085
771287825
771977230
771979271
772711092
773539869
773805159
773946858
774606623
774619628
774701401
775190222
775239286
775969491
775976219
777090154
777247510
778506282
778852759
778938979
779257107
779656500
779930872
780013483
780159703
781494426
781861451
781996246
782028957
782807834
783089025
783160186
784154227
785579539
785657658
785791131
785812448
786105838
787132436
788256409
788552488
788689006
788799763
789668039
789917805
790210321
790239605
790877639
790992035
791639516
792403224
792678698
793228561
793882445
794019192
795232145
795546196
795985190
796494508
797161353
797174136
798031609
798204692
798637820
798915959
799811270
801285606
802103581
802620359
802710294
802716355
802732692
803924581
804348551
804610455
805433142
805819819
806030336
806267228
806278398
806310141
807023332
807485431
807790075
807824080
807945845
808071315
808315169
808344439
808559006
808634787
809112482
809478305
809636738
810037716
810964521
811367116
813071152
813789639
814576382
815823037
816168107
816911076
817148173
817172653
817767032
818168309
818202739
818633524
819303711
819736239
819868456
820473086
820915892
821483570
822767888
822775600
823109524
823811288
823861228
825209197
826856933
827309443
827320035
827648765
828196139
828329927
828338681
829278225
829694490
829997970
830501768
831478108
831883943
832008872
832297306
832370990
832688293
832795264
834068396
834460281
834832563
835287315
835342792
836055520
838814764
839220804
839426280
839856393
839975992
840457308
840673166
843372576
844601011
845131587
845236823
846100443
846155217
846363885
846455593
846604246
847485190
848341622
848719052
849740871
850391342
850656718
850683170
852785548
852946495
853183393
854021064
854212600
854514311
855063079
855080054
856823510
856834115
857455488
857523291
858342049
859381334
859642837
860902809
861165055
861426632
861607354
861863740
862348649
862879286
862987961
863318581
863794219
863813909
865117234
865167133
865201447
865335929
865381639
866096981
866330403
867069580
867127740
867780008
868767050
868827419
869243055
869324797
869530815
870128690
870372861
870573213
871443263
871541342
871859908
871947332
872468023
872602603
872912351
872938045
873191707
873217944
874326264
874374091
875137903
875241140
876213205
876734290
877409839
878040999
879131284
880349787
880350992
880360112
880520017
880977271
881313229
882027579
882174242
882195499
882454065
882567836
883429447
883841799
883974718
884158719
884412067
884451993
884725649
885560437
886005781
886902596
888975436
889906264
890518991
890721481
891509211
891631121
891762513
891944708
892100638
892341866
892481677
893446198
894627801
894653257
894676808
894806239
895187682
895194823
895403645
895423401
896136183
896191212
896233659
896497597
897264758
897760915
897852564
898416912
899589862
899717728
899748175
900474793
900770030
902163091
902169821
902545982
902547220
902553256
902776887
903493272
904839796
904968369
905208835
905276887
905456832
905575485
905683776
906262163
906637915
906776348
907971057
908952789
909999356
910055832
910060315
910904873
911351022
911550223
911628868
911800352
911846424
912189689
912756822
912781477
914426844
914446488
914471105
914721179
915337913
915390436
917212084
917243019
917489819
917597956
918439916
920060668
920083966
920290079
920407194
920463977
920484982
921145935
921341327
922360896
922672570
923878840
924428054
924645480
924736812
925178035
925251837
925647498
925729292
926405482
926884722
928096195
928332893
929029394
929281762
930141020
930194412
930368098
930382037
930416963
930971667
931645677
932060200
933257671
933528872
933544350
933997605
934089426
934156453
934318192
934397845
934421940
934791552
934949887
935005951
935408560
936453639
936651105
938158863
938440472
939432631
939504020
939524605
939592861
940795750
941183294
941709345
942406252
942690856
943070489
943440513
943646326
943899417
944047389
945617909
946252256
948219980
948514153
948794904
948940997
949558935
950186893
950601516
951012307
951230100
951742762
951898262
951946455
952181599
952516932
953853406
954800952
955200627
955694689
956322425
957483382
957509456
957556089
957869481
958097531
958691617
959428987
959584928
959729567
959825966
959846307
960197551
960441173
960655547
961034272
961290070
961379233
962534934
962731321
963664018
963669387
964080583
964754841
964905276
965116019
966245083
966324697
966687576
967254782
967769542
968062351
969124698
969224642
969409881
970311355
970541220
971777174
971864177
972120889
972231206
972517848
973156565
973230097
975810135
975901977
975923309
975992647
976382691
976586364
977453071
977567194
977698394
978606347
978667905
978773616
979533148
980075978
980504791
981606330
982081173
982235472
983310473
984571619
984674766
984844958
985075283
987388151
987776981
988065664
988421543
988707563
988956211
989052169
989783148
990206929
990622814
991487565
991541403
991541580
991580669
991928536
992264900
992532879
993039361
993583530
993689149
993707353
993852369
993916443
994305331
995370707
995437288
996946258
997978568
998757950
999352399
1000364517
1000646401
1001167309
1001305202
1002116830
1002508915
1002620856
1002978510
1003026870
1003139937
1003244507
1004535460
1006262195
1006660257
1006812675
1007076262
1007434712
1008201810
1008711285
1009058177
1009321946
1010174488
1010349570
1010457023
1010799389
1011053524
1011303786
1011338533
1011953237
1013082629
1013149338
1013408981
1014457103
1015211844
1016248845
1016319570
1016480561
1016995185
1017009293
1017074170
1017149377
1017384629
1017500724
1018132517
1018525607
1018803215
1019089412
1019271543
1019346985
1019623466
1019990082
1020319422
1020338880
1020342227
1021254463
1021310310
1021463796
1021574359
1021794056
1023156775
1023798132
1024027068
1025423191
1025848204
1025976662
1026223689
1026483995
1027836615
1028726832
1030811639
1031533048
1032425540
1033600844
1033704650
1033718247
1034420033
1034999545
1035737168
1035800504
1036309337
1037016165
1037671573
1037689090
1038167584
1038453539
1038605973
1038699316
1039165380
1039857595
1040486098
1041986486
1042131476
1042403440
1042543195
1043106595
1043377811
1043426309
1043739547
1043802313
1044125385
1044318084
1045491769
1045928322
1046709656
1046803435
1046857754
1047248543
1047465413
1047514293
1048386760
1049124107
1050557004
1051275040
1051858899
1051927114
1051929737
1051971588
1052161322
1052261267
1052647893
1052719637
1052831278
1053231414
1053469096
1053517639
1053746661
1054413206
1054968268
1055281941
1055604322
1055733835
1055831188
1056883724
1057842923
1058406704
1058952784
1059785762
1059886259
1060748264
1061005570
1062123458
1062573996
1062742070
1062989752
1063483412
1063665622
1063912128
1063978501
1064172913
1064206783
1064322389
1066786799
1066934582
1067040536
1067234827
1067322358
1068402666
1068455606
1068484388
1069794235
1071194172
1071291491
1072787737
1073231267
1074429228
1074639753
1075990947
1076475700
1076523979
1077108679
1077142907
1077456825
1078053518
1078806176
1078807591
1079019064
1079372593
1079374287
1079863301
1080003371
1081143603
1081441755
1082486400
1083115826
1083595238
1083845348
1084395996
1084850002
1084918784
1086176887
1086238326
1086549601
1087115364
1088861729
1089090555
1090271697
1090322182
1091115301
1091173567
1091208577
1091317731
1091393818
1091417661
1091644480
1091868547
1091888209
1092664934
1092720871
1092840043
1092962043
1093177978
1093776688
1094108721
1094263562
1094961454
1095649085
1095659306
1095697642
1095844219
1095977509
1096330187
1096345375
1097307794
1097385725
1097573509
1098495937
1098733276
1099016364
1099393927
1101559895
1102050634
1102801417
1103598547
1104316154
1104821142
1106482783
1106527543
1106975116
1107119922
1107262837
1108374127
1108748263
1109438706
1110202453
1111227677
1111912799
1112541107
1112641557
1112888547
1113668361
1114318818
1114549335
1115134913
1115643828
1115650148
1116507335
1116544425
1116739346
1116981461
1117425192
1117927111
1118468398
1118645842
1118844680
1118897479
1119350796
1119405076
1119526629
1119558095
1119565471
1119566897
1120538304
1122060492
1122174062
1122320101
1122691824
1123128784
1123478605
1123707953
1123759644
1123989230
1124105219
1124898928
1125031940
1125279162
1126226880
1126410341
1126732316
1126832791
1127816758
1128066090
1128519188
1128776300
1128777643
1128843727
1128926218
1128962881
1129710536
1129993293
1130148517
1130476560
1130636051
1130668551
1130713965
1130841775
1131861823
1131908292
1131977460
1132136548
1132664718
1134203222
1134657312
1134718106
1135161592
1135262411
1135930375
1137890496
1137959237
1137969645
1138001710
1138976058
1139382523
1139887200
1140023696
1140292554
1140375035
1140424089
1140598438
1142611041
1143046554
1143362301
1143409315
1143945452
1144086036
1144445376
1144569758
1144627955
1144910508
1145242292
1146228155
1146729586
1147926119
1148038794
1148215615
1148617096
1149439749
1149462633
1149701491
1150155852
1150510876
1150797717
1150969743
1152384065
1152876170
1154159242
1155055122
1155139383
1155475404
1155739103
1155865911
1155940392
1156001082
1157248607
1157676145
1158176835
1158643750
1158854875
1159543910
1159781394
1159945177
1160537008
1160679067
1161360168
1161792497
1162566839
1162617872
1162623010
1162882407
1163095734
1163625102
1163965655
1164011300
1164311573
1164484666
1164646005
1166948153
1167091483
1167331983
1167566690
1167809173
1167848502
1168092009
1168490798
1168896054
1170226868
1170874952
1171324975
1171924683
1172077513
1172190332
1172371843
1172748503
1173342231
1173454928
1173544942
1174227034
1174271182
1174759693
1174916330
1175001483
1175479382
1175706803
1176161906
1176545376
1176853539
1177162229
1177218630
1177547861
1179716927
1181098048
1181771404
1182743681
1182845933
1182893972
1183221522
1183497672
1183716379
1184016905
1184669565
1184676168
1185243047
1185244459
1185644358
1185766879
1185932300
1186037601
1186241980
1187624125
1188208484
1188241943
1188458031
1188928299
1189104783
1189116489
1189135090
1189609343
1189667206
1190820350
1191134018
1191141688
1191286959
1191501902
1192020324
1192252392
1193349301
1194161717
1194267388
1195548325
1195568317
1195591018
1195854539
1195908063
1196597315
1198861330
1199061443
1199502946
1199581891
1199985630
1200660896
1200892974
1201797980
1202029543
1202085206
1202403695
1204907724
1205431863
1205476267
1205490730
1206588994
1206626540
1206812331
1207082035
1208250396
1208460512
1208588671
1208633210
1208653906
1209102928
1209501159
1211257855
1211607932
1211877255
1212543190
1213349978
1213702157
1214179518
1214294586
1214495613
1214801771
1215127244
1215197081
1215662550
1215984744
1218615582
1218990201
1219497565
1219903385
1220053612
1220231738
1220444464
1220483395
1220658214
1220761204
1220972964
1222319277
1223099703
1223257549
1223260256
1223328209
1225001400
1225163651
1225420870
1225646465
1225684751
1226325084
1226985352
1227201679
1227690897
1228269002
1228637858
1229042575
1229343514
1229646179
1230843998
1231368043
1231541750
1232195535
1232231570
1232531573
1232553455
1232741750
1233271179
1233415918
1233869831
1234769542
1234837337
1236663980
1237102009
1237134061
1237154529
1237346629
1237408759
1237415044
1237429032
1237962532
1238726567
1239447328
1239824657
1240301899
1240461025
1240594829
1240836358
1240979840
1241349999
1241424599
1241451374
1242270474
1242952067
1243379871
1243772392
1244171951
1245092493
1245455228
1245722653
1246219946
1246235808
1246819149
1247262619
1247603645
1247668324
1247987796
1248201980
1248433603
1248443664
1248720300
1249553270
1249567733
1250069805
1250226469
1250996431
1251099818
1252478027
1252950079
1253929191
1254000553
1255113456
1255338394
1255642481
1255788706
1255850903
1256440967
1256581146
1256949108
1257724583
1258037626
1258070645
1258846865
1259224246
1259820701
1260157903
1260744773
1261230976
1261681059
1261769595
1262244202
1263002041
1263241474
1263924528
1263971850
1264019531
1264502928
1264518051
1264742154
1264993429
1265602345
1265947706
1266114021
1266246823
1266392416
1266656241
1267313974
1267647495
1267968912
1268456591
1268771121
1269695037
1270121132
1270992387
1271002213
1271060855
1271103805
1273087641
1273722838
1274287001
1274460454
1274508080
1275023130
1275208837
1276422123
1277084191
1277137696
1278338134
1278890666
1280321067
1280689875
1280978167
1281504231
1283099110
1283197200
1283529757
1283603216
1283752498
1284166263
1285992583
1286293520
1286911816
1287858231
1288144792
1288183711
1288250535
1288328686
1288704752
1289025544
1289095553
1289682805
1290441121
1290543347
1290762299
1290956367
1291253506
1291427278
1292741840
1293537804
1293669110
1293875916
1294144397
1294479303
1294579097
1294938426
1296047263
1296258748
1296619184
1296804628
1297026555
1297110169
1297397640
1297778658
1299434452
1299584278
1301036884
1301908363
1302337430
1302566879
1302805495
1303379926
1303894371
1304039248
1304882339
1305387577
1305702864
1305767761
1306292517
1306383299
1306774231
1307900080
1309019043
1310556719
1310727314
1311437418
1311554861
1311719132
1311867170
1312569175
1315908778
1316074670
1316887887
1316896211
1317947389
1318313536
1318466601
1318478244
1318675126
1318753389
1318772265
1319771060
1320260601
1321067042
1321217393
1321614291
1321823221
1321840487
1321886607
1322909968
1323091047
1323151905
1323235326
1323597042
1323758900
1324597584
1324676987
1324964668
1325453300
1325753705
1326392930
1326866902
1328639450
1328902310
1329774407
1330064524
1330305234
1331175681
1332219746
1332644599
1332670324
1332764217
1334096863
1335073069
1335871823
1337569323
1337842268
1337844984
1337876303
1337975086
1338572013
1338752611
1338948700
1339164675
1339276905
1339564179
1339770847
1340172426
1340835180
1340996288
1342553169
1342818930
1343022358
1343626900
1344113152
1344238367
1344401026
1344512801
1344695223
1344994029
1345124271
1345140927
1345168147
1346666400
1346776281
1346808306
1347410241
1347569607
1347662968
1348140797
1348542331
1348864081
1348879555
1348896421
1349583627
1349754232
1350249651
1350285946
1351100702
1351180361
1352192747
1352288485
1352461184
1353420173
1354404049
1354736939
1355355638
1355430647
1355441321
1355977745
1356356896
1356398104
1356879286
1356902023
1357029795
1357135675
1357454381
1357925730
1358320612
1358323458
1358328849
1358823761
1358863621
1359235335
1359464027
1359646057
1360550772
1361095530
1361111505
1361179405
1361881856
1362322908
1362697545
1362746048
1363177814
1363916412
1364139081
1364441313
1366633871
1366821456
1366875542
1367437423
1367632706
1367885266
1368683715
1368828707
1369068191
1369109913
1369382202
1370818718
1370984324
1371353253
1371399062
1371563954
1371607604
1371638842
1371775668
1372044964
1372082858
1372193395
1372846753
1372871850
1373925396
1374086094
1376052789
1376078147
1376087567
1376590708
1376606609
1376833221
1377069607
1377553715
1378004876
1378384891
1379181491
1379591997
1379724401
1379975541
1380308327
1380390115
1380823310
1381614145
1381750557
1382147593
1382199628
1382251521
1382380912
1383288623
1384306412
1384392392
1384607503
1384761557
1384829146
1385177587
1385470170
1385674896
1386093373
1386125270
1386233018
1386561076
1386940398
1388025340
1388431539
1388755206
1388881429
1389948945
1390031428
1390120390
1390190337
1390289188
1390465559
1390729419
1391092237
1391212945
1391409876
1391726998
1391956957
1392109713
1393804941
1394030770
1394152297
1394507319
1394736315
1395341182
1395659521
1396121540
1396474192
1397256608
1397553041
1397910007
1398240760
1398397671
1398440574
1398497571
1398593469
1398667507
1399091515
1400090326
1400331827
1400493091
1400869395
1400894404
1401102228
1401471926
1401868206
1402147268
1402225704
1402282766
1402459547
1403380441
1403944935
1404013330
1404303362
1405156020
1405554408
1406187268
1406739173
1407293234
1407363495
1407381614
1408139411
1408218069
1408553580
1408977192
1409159625
1409839264
1409996800
1410106571
1410579898
1411671797
1411702157
1411956256
1412055733
1412366027
1412492304
1413507777
1413591501
1413991689
1414356826
1414453345
1414746507
1415469002
1416170183
1416293044
1416463146
1417026727
1417038260
1417244712
1417253867
1417778495
1417888557
1418389173
1419148332
1420030790
1421404653
1421744357
1423018279
1423720114
1424076609
1424090124
1424322294
1424547897
1424803360
1426999052
1427280022
1427613463
1427692606
1428057243
1428060672
1428228418
1428304619
1428512419
1428830866
1429962571
1430140238
1430469193
1430548557
1432027883
1432164350
1432328032
1432335262
1432405024
1432566619
1433050087
1433196755
1433607316
1433795274
1434344441
1434955054
1435497816
1436071484
1436095415
1436189960
1437661276
1438123002
1438143006
1438551171
1438609718
1438929555
1439491233
1439678281
1439818660
1440758627
1441034361
1442784115
1443764430
1443840622
1443997150
1444119111
1444135102
1444269980
1444629480
1444860337
1445182423
1445583219
1446683508
1446740655
1447736374
1447831954
1448035596
1448256483
1449232291
1449467437
1449589995
1450175519
1450571100
1452289655
1453206426
1454580657
1454676634
1455160094
1455683068
1455895117
1456120030
1456467155
1456693724
1456851019
1456937666
1457237124
1457491311
1458904499
1459325759
1460581904
1461038456
1461053074
1462110140
1463660807
1463677073
1465375797
1466033219
1466300769
1466841936
1467173739
1467375466
1467513188
1467650241
1467700140
1468163038
1468438472
1468474549
1468847812
1469087273
1471165791
1471356921
1471403132
1473295506
1474241244
1474529961
1474551518
1475318056
1476453859
1477257636
1477290848
1478168582
1478483722
1478751949
1479038588
1479347412
1479406145
1479819283
1480130954
1481498336
1481561156
1481873618
1482163078
1482665714
1482678979
1483641407
1484694585
1484929906
1485584616
1485782856
1486166241
1486402053
1486664348
1486985944
1487218119
1487643975
1488764524
1488842162
1489067589
1489128996
1489508329
1489723471
1490148375
1490149130
1490331881
1490437929
1491117876
1491382687
1491415699
1491819034
1492507009
1494760634
1495118063
1495146389
1495214582
1495392250
1495499662
1496369188
1496499652
1496765845
1497532545
1497661294
1498020109
1498456116
1500101093
1500896155
1501365272
1501527109
1501887024
1502384128
1502908437
1503017070
1503144973
1503246418
1504101467
1504224956
1504808705
1504996429
1505054609
1505497019
1506020948
1506329958
1508791184
1508814307
1509174136
1509182673
1509724703
1510535961
1511475221
1511588122
1512538811
1512541111
1513429598
1514040198
1514457459
1514702701
1515020873
1515380636
1515752875
1517456991
1517921109
1518086286
1518123966
1518193491
1518762393
1519082101
1519309616
1519753784
1519939830
1520258699
1520995893
1521519046
1522015094
1522041255
1523270060
1523300003
1523556510
1523894984
1524321699
1524708981
1525912503
1526276327
1526621792
1526642956
1527587398
1528019050
1528582333
1528738826
1529418372
1529502305
1530097537
1530551963
1530637244
1530970275
1531164881
1531215452
1531321727
1532007519
1532395790
1533431286
1533514352
1533790556
1533793520
1534037859
1534469939
1534533979
1534709510
1534727217
1534791934
1534952704
1535131931
1536351279
1536634368
1537140172
1537558462
1537873559
1538440715
1538455997
1538494625
1538926966
1539026340
1539465761
1539476928
1539566128
1539994473
1540010585
1540210952
1540594682
1540602617
1540995004
1541022066
1541882742
1542484502
1542716498
1542755531
1543007289
1543780335
1544485110
1545357299
1545419321
1546132259
1546157617
1546409785
1546967583
1547737695
1547830469
1548247849
1548362353
1549062508
1549332235
1549862737
1550454106
1550951336
1550972206
1551011036
1551277975
1552110534
1552522955
1554024740
1554967137
1555453204
1556496647
1557041791
1557145317
1557964564
1557993159
1560430004
1560873771
1561053360
1561062736
1561069309
1561282056
1562984657
1563948826
1564212972
1564263657
1564639953
1564689190
1565101109
1565161061
1565311064
1565357795
1566343872
1566380233
1567083386
1567790444
1568202508
1568824047
1569874273
1570605855
1571010399
1571639378
1571763954
1573567111
1574308849
1574505032
1575551276
1576442940
1576721202
1576723475
1576901576
1579503267
1580509910
1581189615
1581813413
1582154442
1582154947
1582161377
1582174963
1582188971
1582474894
1583761545
1583918404
1583954023
1584489917
1584854195
1584984459
1585113638
1585219549
1585903456
1586069660
1586137903
1586143719
1586362959
1587284628
1587415815
1587665846
1587823219
1587863285
1588324917
1588358846
1588681012
1589033816
1589203944
1590024674
1590879793
1590897732
1592222343
1592913191
1592984820
1594048610
1594426685
1595137334
1597004670
1597333026
1597334223
1597561521
1597841243
1597841469
1598197609
1598303165
1598370596
1599445459
1600119319
1600229421
1600873155
1601676864
1601698738
1602138499
1602282633
1602345402
1602985784
1603000731
1603137030
1603246326
1603829588
1604060286
1605739083
1606395947
1606411102
1606510133
1607727915
1607786518
1608179193
1608370316
1608460190
1608589462
1609101280
1609464564
1609826871
1610568024
1610606650
1610812361
1610875562
1611025741
1611282542
1611535170
1612349402
1612358838
1613145496
1614201581
1614237188
1614311409
1615032403
1615528812
1615663080
1615763986
1616529850
1616614153
1617395481
1617826302
1618415982
1618674300
1618916831
1619303947
1620029539
1620068296
1620223833
1621485651
1621665756
1622088578
1622629683
1622687615
1623033476
1623149803
1623525968
1623691018
1624568005
1626274958
1626637145
1626680521
1626800799
1627254182
1627680990
1628058580
1628157415
1628778722
1629630786
1630479354
1630591744
1631070951
1631121029
1632088557
1632549209
1632595025
1632788106
1633080749
1633456018
1633777618
1634735844
1634739748
1635334266
1635472845
1635550141
1635671659
1637242428
1638519758
1640056454
1640208642
1640759608
1641313131
1641806366
1642339081
1642442393
1642587060
1642643256
1644186354
1644213573
1644725301
1645144469
1645178837
1645673546
1646729551
1646885842
1647950526
1648232251
1649139997
1649359954
1649559598
1650002452
1650029446
1650162348
1650668543
1650705411
1651461973
1652824934
1653135271
1653163169
1653173447
1654066616
1654273914
1654367402
1654694997
1655034018
1655681468
1655928974
1655947634
1656375441
1656796464
1657015436
1658748624
1659632212
1660292977
1660373596
1660824979
1660943360
1661340541
1661477097
1662173505
1662196348
1662673955
1662949166
1663085663
1663314432
1663362006
1664240799
1664688477
1664743090
1665263267
1665583131
1666089645
1666432434
1666587437
1667688763
1668149953
1668216678
1668347439
1668495383
1669349984
1669631963
1670484795
1670527799
1671621304
1671900541
1672314603
1673065457
1673522579
1673732862
1675395134
1675799611
1676323981
1676849134
1677198389
1677783463
1677870226
1677872961
1677970566
1679071061
1680373510
1680562897
1680985476
1681203160
1681303087
1681484819
1682077317
1682493673
1683701330
1685894105
1686334387
1686337635
1686377684
1687019020
1687178985
1687403834
1688399272
1689229834
1690208006
1690797276
1690868713
1692387114
1692499076
1693208957
1693317957
1694667508
1695893817
1696307939
1697144497
1697251916
1697626560
1698394722
1698402220
1699516117
1699727778
1700815510
1701009584
1701236732
1701246172
1701255675
1701952442
1703186486
1703329153
1703411109
1703489581
1704077711
1704495994
1704821989
1706548991
1706557466
1706684775
1707042454
1707062579
1707280704
1707434113
1707636497
1707642905
1707824644
1708260568
1708854634
1709206300
1709225421
1709365119
1709400656
1710072494
1710670824
1710937588
1711027095
1711088734
1711338568
1711362241
1711588145
1712512282
1712649895
1712769206
1713017037
1713766485
1713878261
1714154062
1714166873
1715075732
1715197228
1715364743
1715370975
1716345336
1716966928
1717280697
1717507814
1718054666
1718827891
1719090034
1719925607
1720123587
1721450836
1721695902
1721910257
1722236563
1722549113
1722911373
1723360856
1723733012
1725017650
1725048082
1726483732
1726676631
1726871665
1726915684
1727113344
1727255352
1727392114
1727510985
1727871143
1728113965
1728120255
1728367858
1728445745
1729413862
1729871501
1730685377
1730781869
1731006501
1731931435
1732258575
1732927767
1732972167
1733029304
1733569091
1733577852
1733947960
1734068287
1734651750
1735435150
1736071585
1736941500
1737078819
1737141671
1738147635
1738640620
1738871333
1738928913
1739008597
1739346672
1739492960
1739795025
1740808083
1740864361
1740934795
1741648569
1741695795
1741883269
1741939456
1742154408
1742210865
1742244332
1742324497
1743553347
1743579276
1743748535
1743952351
1743996888
1744138377
1744805076
1745274609
1745372907
1746147053
1746221452
1746575361
1746730232
1747069454
1747477176
1747528224
1747760757
1747774523
1747916368
1748323393
1748723607
1749220525
1749339433
1749424042
1749963236
1750570750
1750705066
1752305017
1753298539
1754560195
1754656750
1754773488
1755330845
1756426723
1758482682
1758712700
1758948648
1759094124
1759540265
1760889066
1761510935
1761691395
1761837280
1762238593
1762310681
1763027041
1763072743
1763901987
1764497251
1765202593
1765451082
1766400774
1766948771
1767053499
1767401181
1768038940
1768058714
1768306518
1769081900
1769290837
1769462360
1770117012
1770422012
1771308866
1771966082
1774068022
1774274166
1774314846
1774669621
1775209243
1775662954
1776568098
1776572180
1777173193
1777182132
1777287328
1777431224
1777542860
1778086899
1779156729
1779464410
1781165975
1781272560
1781846446
1782654270
1783129195
1783707413
1783909742
1784515652
1784884286
1784978558
1785379768
1785422346
1786216980
1786291348
1786358543
1787494298
1787609274
1787778281
1788077288
1789279418
1789329814
1790059800
1790263302
1790282114
1790381300
1791027995
1791705117
1791740119
1791757991
1792439100
1792707998
1792917224
1793000154
1793200822
1794765476
1795119503
1795255068
1795465915
1796324493
1796426916
1796627053
1797374212
1797415645
1798235719
1799100403
1799388853
1799504299
1799632683
1800299711
1800424278
1800876291
1801016395
1801291134
1802243610
1802441419
1802589933
1802966047
1803339521
1803465114
1803470035
1804106502
1804286762
1804784856
1804822232
1804973743
1806795157
1806951531
1808245832
1808548011
1808618132
1809829461
1810263948
1811086813
1811220482
1811275854
1811960685
1812075152
1812320253
1812669795
1812963704
1813438583
1813975699
1814003330
1814101096
1814169488
1814871379
1815223520
1815771522
1815892982
1815927965
1816014868
1816112951
1816164294
1818537075
1819627447
1820577116
1821486528
1823603472
1824123336
1825109959
1825824749
1826241742
1826812191
1827214410
1827578655
1828466281
1828880666
1828990180
1829465515
1829623344
1830359012
1831424245
1832002081
1832126397
1832574364
1832988382
1833259371
1833831443
1834295046
1834316884
1834374941
1834909660
1835088956
1835187444
1835423552
1835744537
1835894722
1836283714
1836500167
1836866265
1836872636
1838804481
1839573702
1839845337
1840061994
1840263620
1840290961
1841187863
1841919327
1842416344
1842728251
1843089438
1844164993
1845333287
1846062508
1846475099
1846854379
1846873530
1847013895
1847144463
1847235418
1847239278
1847461745
1848056706
1848081454
1848876062
1849598763
1850097004
1850311835
1850318818
1850550750
1851371059
1851652100
1853633962
1853677820
1854209222
1854317376
1854870387
1854932468
1856826339
1858099743
1858471110
1858633848
1858680840
1858851216
1859191848
1859393587
1859482039
1859641954
1859775388
1860294273
1860303112
1860646362
1861232093
1861364787
1861438711
1861598808
1862272524
1862693625
1863703702
1864558830
1864949371
1865019081
1865359706
1866312787
1866567254
1866727937
1867001390
1867082208
1867201652
1868185055
1868451163
1869027291
1869166407
1869198111
1869206499
1869452120
1869779160
1870068301
1870928984
1872446522
1873791737
1873929733
1874433047
1874516758
1876030658
1876139899
1876303817
1876422074
1877596711
1877649690
1878184865
1879169397
1879339992
1880344408
1880716215
1881147267
1881931176
1882469636
1883532474
1883707136
1884017302
1884142856
1884172360
1884292828
1884478493
1884508452
1885073926
1885270076
1885718359
1885912936
1886445720
1886481438
1886551935
1886688305
1889136192
1889473190
1889503119
1890011055
1890759085
1891223494
1891795285
1892095342
1892156752
1892641203
1893132627
1893156553
1893375310
1893520177
1893635368
1893800634
1893819820
1893983384
1894314419
1894635344
1894977120
1895413891
1895663632
1895721079
1895727503
1897385491
1897490675
1897754968
1898095000
1898305009
1898884904
1899187101
1900454381
1901040627
1901224130
1901482211
1901865639
1902512257
1902597221
1903080374
1903559756
1904057610
1905184354
1905220635
1905222782
1905290819
1905622135
1905800128
1905832279
1906825364
1907647111
1907882424
1908200110
1908353824
1908550750
1908612268
1909359687
1909381426
1909901993
1910632990
1910698449
1910937239
1911151551
1911160227
1911671994
1912036002
1912158400
1913056617
1913928113
1914103423
1914666135
1915452036
1915819616
1916030522
1917158900
1917531952
1917599354
1917764252
1918148299
1918600527
1918792462
1919192842
1919228986
1919796515
1919970698
1920340869
1920486349
1920624725
1920764503
1921853019
1923371894
1923578028
1923626066
1923712086
1923750262
1924294341
1925773136
1926054946
1926130482
1926820852
1927038351
1927275177
1927310288
1927515463
1928322985
1928729707
1928831742
1928941343
1928943959
1929176109
1930440434
1930573085
1930804698
1931015196
1931862766
1931969092
1932076818
1932635384
1933328484
1933642055
1934314310
1934417551
1935955551
1936192924
1936805110
1936809462
1937614550
1937993753
1938687795
1939967342
1940651436
1940863530
1941539841
1942257200
1942497160
1942517095
1943584137
1943694983
1944674062
1944848540
1945033915
1945252585
1945828892
1946250290
1947620872
1947663247
1947858453
1948052213
1948236808
1948275044
1949109575
1949585188
1949935296
1950188223
1951167528
1952242408
1952418303
1952482280
1953944400
1953965830
1954099404
1954380245
1954766991
1955416878
1955588837
1956791259
1957680173
1958385150
1958986106
1959261149
1960083981
1960479832
1960483989
1960930380
1961266157
1961614322
1962025444
1962055899
1962183027
1963905980
1964300833
1964767636
1964995875
1965515002
1966839280
1966872159
1967062949
1967210546
1967354384
1968725640
1968866123
1968914592
1969356324
1970165453
1970386599
1970509421
1971288824
1971293752
1971317635
1971810377
1972352721
1972556713
1972784610
1973236485
1973381828
1973847983
1973926066
1974018639
1974371186
1974455077
1974999026
1975559174
1975795682
1977150330
1977525954
1977595047
1977617362
1978086622
1978140484
1978251524
1978513556
1979158577
1979718513
1980325883
1980491606
1980572812
1980692116
1980708175
1980722102
1980852394
1981554966
1981598860
1981789523
1982079498
1982120266
1982806420
1983143742
1984126891
1985143346
1985900600
1985919520
1985919783
1985924061
1986311018
1986338713
1986495790
1986886044
1987332574
1987615622
1988074189
1988122847
1988156220
1988276052
1988463334
1989154254
1989684607
1989796686
1990378944
1990524799
1990706011
1990884968
1991035784
1991190372
1991480720
1991999376
1992337189
1993059671
1993435104
1993563432
1993627096
1994013552
1994367706
1994371527
1994923161
1994998502
1995423515
1995569424
1995837040
1996017763
1996022467
1996256287
1997097249
1997374521
1997519580
1997897151
1998812291
1998913414
1999083534
1999540282
1999598888
2002150470
2002457661
2002986432
2003868777
2003919319
2004088001
2004111912
2004152341
2004199433
2004462399
2005079767
2005873612
2006718348
2006744785
2008125121
2008699352
2009356444
2010074558
2010167400
2010402547
2010592377
2010682891
2010917535
2011129844
2011599204
2012429467
2014103825
2014155860
2014208206
2014307626
2014364313
2014527819
2014748133
2016108784
2017244580
2017699899
2018488736
2019466529
2020170413
2020320927
2020780127
2021372615
2022259936
2023314360
2023375829
2024799622
2024823502
2024848514
2024943372
2025091318
2025141296
2025475684
2025728049
2026113974
2026363147
2026521486
2026670804
2026902161
2027552631
2027677789
2027746616
2028307860
2028405233
2028963585
2029755321
2029871303
2030149762
2030633908
2030723754
2032095621
2032176677
2032280069
2032431657
2033047837
2033339981
2033585299
2033716107
2033751208
2033808910
2033999774
2034236584
2034432068
2035837753
2035907614
2036152920
2036639786
2037324564
2037833643
2037894269
2037908115
2038211398
2038897389
2039010662
2039094268
2039947501
2041077486
2041447909
2041491976
2041511913
2042815246
2042828677
2043478734
2043524944
2043964679
2044167123
2044182616
2044274719
2045033340
2045033802
2045282838
2045418749
2045548060
2045637664
2046288885
2046404365
2046445161
2048455345
2050013985
2050294059
2050503685
2050767961
2051082443
2051225944
2051398761
2051691048
2051915317
2051959867
2051997256
2052929427
2054132865
2054492519
2054495992
2054635712
2055362398
2055607034
2056311445
2056507304
2056616729
2056797710
2057014729
2057127718
2058887165
2059001373
2059110405
2059255975
2059512292
2063248118
2063504706
2064810901
2065340222
2065381927
2065758959
2065894811
2066018048
2066293302
2067227750
2067407504
2067483047
2067582110
2068606841
2068990087
2069141818
2069230993
2070370382
2070411497
2071055929
2071116277
2071172946
2071852203
2072313705
2072319902
2072343333
2073042078
2073527883
2073960392
2075455330
2076477335
2077647443
2077858398
2078358822
2078598547
2078708467
2079048503
2079896418
2080055038
2080205213
2080861540
2080901781
2081782256
2082056326
2082549312
2083007302
2083257900
2083399483
2083630786
2084090763
2084358206
2086345206
2087416401
2088769855
2088879306
2090025499
2090876032
2091658039
2092444559
2092626648
2092840468
2093495248
2094178913
2094737895
2095292492
2095429732
2095685158
2096303459
2096897093
2097191309
2097792790
2099165059
2099572095
2100124164
2100275749
2101657686
2102147442
2103166891
2103373927
2103433488
2103494021
2104337497
2104824026
2105365575
2105406806
2105472203
2106193269
2106668061
2107102419
2107886015
2108063370
2108162151
2109309777
2110315462
2110430098
2111023196
2112785333
2114000186
2114572597
2114977561
2115093206
2115141684
2115161471
2115284501
2115704493
2116103999
2116333823
2116879818
2116975787
2117451796
2118347067
2118605242
2118913684
2119844088
2120181883
2120685446
2121461187
2121580126
2122234709
2122554514
2123084323
2124048196
2124658732
2125899830
2125967197
2126220799
2126387170
2126416183
2126893623
2127921975
2128180866
2128553361
2128861709
2128921520
2129175054
2129285061
2129670463
2129853981
2130601055
2132403173
2133087598
2134686021
2135107075
2135678202
2135992376
2135997964
2136036670
2136331784
2136537263
2136821112
2137550617
2137625788
2137693875
2138912439
2139082770
2139538255
2139862610
2139868853
2140056905
2140199118
2140639991
2141052447
2141625953
2142181636
2142603362
2143216287
2144305891
2144321335
2144687421
2144707086
2144938480
2144978749
2145079404
2145638446
2146062213
2146502522
2146810749
2147058635
2147352342
2147443379
2147458290
